22688
12324
21838
31242
18812
8268
31878
2368
3237
29456
18534
14537
15450
28078
18703
17106
21824
27366
28745
28751
30941
12668
7163
30582
16414
23224
12469
27202
7634
18665
17446
13553
20781
11741
22438
11398
26694
8555
8877
11592
21145
18410
27994
18753
902
2231
31469
1728
9423
21682
1101
11992
22814
31937
17027
11230
3709
6221
2365
30703
24796
31680
29004
7016
3215
16141
4902
15212
28877
21544
20837
14433
8754
11657
13126
23667
3389
29869
20267
6672
10451
20629
17690
23147
14523
15430
18747
23545
8224
27975
15966
8438
17426
18982
24690
28129
32260
28915
32527
22524
7760
19907
18413
25549
32431
16687
8555
13216
9409
22226
5385
17923
29835
3023
18926
17480
29428
9544
3940
24838
6215
5864
30550
18072
12980
31066
217
5533
22734
4303
21152
29558
27663
25469
1414
10443
11088
24603
32520
20487
21841
5221
23496
5079
23351
29598
27148
32175
8969
11529
13372
21573
23090
4719
7016
2580
22530
3740
447
15322
4141
11234
1305
16155
5450
10901
18799
16540
11093
10125
21341
29416
27182
21159
29351
19662
28695
13636
15537
22497
9274
2248
5893
3831
2337
7452
20945
19626
7996
20269
21094
18907
22367
3947
19899
11306
5441
30795
4840
9342
16895
29893
26027
7555
28310
30422
26854
31271
1644
15872
6430
25629
4552
11717
22270
10843
2133
13360
467
12187
13219
16460
8717
26845
8614
18602
9156
27619
10037
25055
8497
3507
29324
25860
15664
4377
11723
9780
3525
25891
12661
15122
5780
29603
18162
20801
21351
32689
31501
5353
21164
5158
118
10041
24565
545
8769
9439
15990
28550
18021
15506
29578
30074
63
21897
8494
20201
13068
17921
28805
5889
17522
6586
3154
6068
24312
26746
11137
10297
17545
15497
11167
7051
12533
2356
15196
16104
19568
12619
5392
26708
11794
7587
18740
5396
28245
25492
6373
6195
18842
31611
24676
22784
21156
1849
4505
8590
13594
10418
16011
32051
2058
26704
13289
9994
12385
11134
9092
2161
21364
15149
24275
18316
22906
23122
8558
26047
15
27749
27539
28216
31923
11236
27812
13411
12105
28878
32167
8819
25753
1833
11205
6112
10446
5500
21196
22500
10745
4949
18348
2045
10892
20421
4861
15982
991
2015
15224
8381
14510
3389
8314
4662
6041
31867
25733
29287
28067
953
26558
27554
18612
14621
21103
20863
18967
335
12166
3927
2301
1531
5909
9930
1272
15443
26832
15930
10368
31627
5779
16205
23409
9051
32473
1391
9611
21120
22341
7246
24817
11579
10013
3676
31915
13264
20938
17232
20261
10504
12634
28325
30893
2224
16638
3610
22008
3608
22412
30769
669
19092
29181
31408
27545
19455
3568
2338
29130
21299
5158
31575
7284
6802
21252
23520
23487
11393
2325
18068
23350
18919
32645
22286
25673
24754
13478
10028
20685
4690
5743
23953
3447
19005
19704
19492
11364
25705
5376
7824
1940
25557
10855
6338
29546
14592
17076
25966
302
6256
6032
29834
20876
24877
328
27088
30482
4931
8528
6976
26805
22084
7355
8092
1101
4035
26307
27883
8468
2522
6983
1783
12843
10661
26952
15823
30997
13764
3436
31814
18490
11485
23675
9842
21862
11288
24036
2093
7239
26018
30265
21399
20722
10027
8623
12178
25183
28776
16031
22084
3304
6545
26631
17305
31950
2531
24586
29631
181
32287
2668
12712
19491
24329
30487
30092
18948
10218
31896
21348
32552
23823
25251
31088
31940
4680
7307
16049
25325
362
5067
16752
29473
12494
640
5557
12990
10703
24044
977
7560
16208
20724
22229
26663
25651
18083
15128
21158
4579
1189
11445
2806
16075
21965
30219
8041
25820
17551
15931
312
6156
25991
10157
5885
11473
12784
32396
24377
28330
29230
30533
8912
26263
14405
32012
14216
12699
27231
4183
21133
26433
23881
13665
27376
4117
32503
29352
11299
11302
4348
24431
30847
18827
29459
16957
31678
10971
32153
16220
19841
32179
27664
5980
9163
8500
22429
30093
5509
31874
16779
20104
27896
25926
11718
20135
2646
5677
19809
22664
22065
13671
14609
5006
17410
27432
15279
2655
25763
2091
11450
22887
2261
15402
23250
27988
29628
23655
1598
20889
7518
14887
27496
3819
1319
2353
23899
6599
5224
22099
28748
20713
4307
3549
13326
3030
7937
4644
32412
14676
21741
25089
18067
3565
23670
20304
3509
17007
9696
17777
23400
25198
10835
8138
18228
10945
15963
4162
4937
30721
29799
5576
22263
17677
3914
714
14643
14729
1213
5054
15129
18522
4058
5533
4709
24108
21410
7267
5112
8172
3449
18833
11865
14670
22437
8875
29745
15177
31699
30650
14030
2709
21905
22986
12450
24116
17621
8557
16321
19942
12404
1335
12390
28851
6316
16448
5998
2918
14747
18597
15579
20236
15814
5639
5715
10105
147
30730
20895
6595
24783
31960
28460
12996
9000
26523
27789
1436
25780
14086
32503
14894
7528
15309
24004
11166
12962
16169
7408
5849
6560
14677
6047
22797
2567
6163
27285
15917
16477
5416
32444
24431
20623
7388
9122
4557
2156
17531
14841
25735
25127
20694
28181
12191
1753
19650
625
12892
24828
12184
10795
16840
16114
5044
29571
1841
1404
31990
16991
20140
29252
12100
23242
25997
28243
5382
31601
2289
28827
13736
2085
25652
28783
15388
17500
8059
26629
3413
7599
32299
26363
28365
1629
3440
13519
15616
24519
25272
870
12783
29938
27189
12678
15262
1288
17758
7516
25238
24023
14702
1783
16484
1617
11748
714
1560
30986
15105
31790
4807
28349
18509
18398
6665
14536
15123
18041
23163
11179
13536
5892
25662
6541
25096
22885
28535
23735
22561
233
17101
29206
1158
14015
10734
9149
10965
19578
31754
17249
29553
16019
12886
29916
2561
18149
3723
2219
19440
32559
20836
26224
1771
5014
292
1904
18277
1312
16397
277
14102
31802
13034
8045
2936
11059
30598
4010
1097
16575
11059
6816
31244
27253
324
28491
31880
26448
27027
32070
327
10802
18172
24404
8728
3164
13791
21979
27533
4088
25250
20836
15230
12944
28717
3357
12164
20372
28269
14679
9087
4823
24786
13832
16401
31506
21712
23882
6432
27744
2145
24025
23640
21184
8322
9625
4007
21655
28593
23567
24511
5419
19574
27875
32407
1833
30679
8804
4587
20256
5090
20484
12727
13828
10791
3288
30400
11180
16955
32281
6411
22868
2102
12709
7780
17435
821
2175
6360
32646
23514
12618
30011
28667
12999
13010
22947
7495
1831
1668
5099
5401
11557
17137
6194
23941
21618
22095
3929
30594
7875
20728
30088
29036
18001
16361
18602
2434
21592
5956
18156
24681
26520
11470
15682
15272
2775
17010
26082
22570
7005
8380
22214
19647
16246
16735
47
31898
27892
2480
15133
6612
32682
5416
26584
14312
24562
4069
7274
28214
14632
8490
25378
2689
16429
26075
2322
21360
2533
31490
31890
23312
29113
6221
15292
24912
4118
14989
21230
18052
16619
24120
27467
3555
14895
18920
26937
28681
12889
26842
6884
32117
5863
13680
30394
20748
21208
13231
27117
21141
9521
31682
14069
2363
1915
21621
25611
32270
9283
23995
14767
11906
23962
19241
20771
3822
25491
11896
13037
7438
23239
20999
1369
641
4820
9046
19189
18252
19673
11660
12563
5206
4604
9202
28234
1514
6628
31862
12533
3640
16703
6697
7603
26580
4158
1986
24037
6197
20756
16921
15923
567
13947
4780
23816
2201
4655
31261
26897
16512
7024
10929
28610
13299
17796
4819
15313
13405
9779
30607
17337
15630
27722
7960
10296
26042
26136
2883
17106
25848
6132
17417
17484
8900
25269
12809
25393
23294
14904
2307
6736
20457
27614
16990
30524
3244
29963
10148
30923
14292
27049
27905
32151
30161
27298
23495
17024
23412
11369
3308
28969
28792
3442
13194
15990
16886
15541
30558
6420
1262
28720
24394
26609
18629
11106
19412
22720
14786
5585
421
15990
29584
24964
17418
32720
25535
16777
32630
5579
15427
28784
1022
6698
30195
18127
20443
26099
25356
25020
27116
16370
20907
22870
19506
6965
15958
1852
24146
25998
5748
23828
22
26132
2768
19206
9196
11171
29210
13886
31077
2903
15206
32622
10168
12053
28844
6473
6205
13314
18758
12041
20722
22794
19572
23274
24313
15706
987
27821
20760
12006
15874
16406
16952
2277
24788
9070
29670
8784
19490
19969
30933
19558
19486
26273
28506
24875
7136
6690
19439
25060
30692
16860
13232
9628
16522
6700
26337
6050
11413
2291
15206
1545
2989
29718
10058
39
6365
10236
23353
17687
23829
19987
27909
16951
8617
29515
4644
8618
29392
7833
27185
26839
12839
30582
22887
9960
14635
31837
29481
13133
3010
18768
29821
31798
6835
28244
20108
25884
5674
22001
16675
13625
20533
15283
1333
5642
12105
12971
1879
8660
12477
15342
12867
541
31565
27925
18774
7727
409
9916
21265
22937
13476
23300
5020
25261
18006
25616
5950
4355
31739
27275
19686
21492
4289
23585
12454
12576
10301
29185
1586
21225
20710
18274
9061
9973
5785
32763
19133
3248
9491
32393
5594
5064
31355
11085
28675
19119
10709
19083
8353
7452
11664
25356
26049
17034
18937
13469
7830
15544
32709
16014
1525
26151
3724
22068
31960
4256
1864
19815
25820
13227
28378
10501
2755
11033
28805
26477
8434
1403
8305
22276
18931
25256
20009
31924
13045
25147
26398
2664
15943
8722
26914
26001
15841
19664
25837
15780
15835
14428
4252
12954
24307
5217
27180
2926
16652
10444
27140
31907
32169
9297
17769
32443
12918
31461
16647
13505
7104
21573
4974
25280
16120
2670
22419
29770
9524
14371
3915
4850
9646
22379
13779
19666
16451
28688
25163
19206
2037
22049
31287
6191
7529
30833
29692
30449
14698
16149
10601
18549
18276
31210
14891
743
4074
24333
32344
14329
29488
6497
2277
11103
13202
26380
14895
31057
20491
18426
25206
19724
28350
15449
29790
10065
22385
4891
18285
13541
32269
18552
27279
13583
7456
29801
1685
28701
24667
18734
20657
15839
7956
8648
3323
7210
9925
8320
8432
21846
5515
23902
13806
14017
17576
9395
27577
22346
17154
17808
6905
28119
24481
28748
10170
14287
17460
9474
25578
28576
8077
12817
478
21307
24609
17050
5838
14995
32393
32005
11604
15906
22532
12669
26609
28003
6386
6255
13193
5465
14170
8463
2530
5895
32101
20435
17448
19958
9185
11510
32108
1714
31935
17142
1312
1357
11670
11542
24989
7130
31261
13789
25245
20723
7860
1429
17345
5684
15068
24781
24333
3774
19387
30424
28519
26037
13978
16460
25371
13506
25446
28036
15962
31378
26418
25886
3510
8533
16050
21117
26792
5440
6338
17479
1034
27403
12509
23272
21661
5748
14759
1806
16773
12474
22372
22572
26312
20258
10878
23287
26579
26997
27139
2028
20980
20608
3620
16839
3808
13460
2744
25613
26415
15364
6583
24964
5340
10665
5567
29365
26054
4961
25746
21617
28209
10379
29077
5705
19269
2189
14419
30997
30094
10575
24312
23918
9083
19901
24791
16947
15327
3144
18661
21256
22643
25958
31804
1746
22609
27150
5272
20029
635
29245
19165
21046
14418
25459
29071
17009
14367
1846
32600
13284
28558
29070
10630
3914
24109
30600
3722
4002
2034
13748
28795
20653
30643
9894
32657
28019
20907
18808
13482
11966
30203
22599
15304
18846
13095
3761
28305
11747
2197
94
24269
25766
30994
32628
28908
32449
27980
4897
1662
4946
9817
32277
14521
20028
16431
21765
8950
3750
17449
9513
15668
5498
19337
10943
18068
17383
12784
6022
16347
27104
22503
26947
30195
9371
30042
20544
7274
19730
31768
9672
30705
30341
2644
29356
6367
31990
27943
1474
9644
9132
13068
6752
13686
17329
20066
3813
14975
2643
18413
11057
31917
18343
342
30503
9225
19713
1958
8498
21312
23421
30159
29886
21029
8826
26404
24762
18477
19994
31195
3613
1778
9667
24978
1630
25777
15009
2504
27130
9931
9762
18527
14066
31816
22648
8224
8010
2127
30490
4919
28555
31919
19267
1459
1345
17497
16497
12295
21886
15844
29416
8588
854
1544
20013
21245
1633
21027
15244
18681
24893
23224
24722
18053
26633
21994
28051
3975
5866
517
31781
15180
30858
16374
32163
5891
7316
15822
14763
6207
7737
12611
23712
24441
15022
8751
5673
19084
30635
17678
18352
5944
23022
25988
17125
5535
11190
24789
6200
27338
21321
12396
30050
25381
14703
1109
5085
21759
16372
28099
14183
4876
18473
6538
15491
28387
18788
6821
14072
19328
30587
17586
8272
16322
31053
5745
5722
18670
12090
13385
10664
3370
2470
29379
15378
11779
28538
28940
28465
10984
13474
17271
8933
21420
8336
11769
976
19208
1208
28332
10712
6423
25362
6221
18089
19929
9371
31934
25649
13232
24532
10116
13090
4582
12097
26698
26995
32549
6123
27996
12512
17404
32735
28205
9573
19809
13485
26065
25543
12074
490
23939
10251
13971
22446
18209
31741
3259
279
26539
30122
26919
27332
20936
1510
21566
31067
28737
22215
31178
28675
8324
14888
2941
26346
23842
10280
13162
20928
30801
19880
5768
5691
26219
10960
26419
12945
6253
16779
1963
29697
26233
21510
15506
15691
2644
13109
28530
23858
10729
7502
309
29953
29124
11339
11435
28419
16280
21613
30983
1290
23737
29364
15458
22250
18595
27496
11831
4346
4977
22675
2534
8857
18535
18564
16690
1191
26728
3149
16066
4104
29824
5702
14499
25637
2140
26761
4804
23915
1229
4980
20857
7114
19018
17450
7161
6455
875
25361
20192
20522
32622
16981
7854
29216
7349
23652
19013
11802
17221
8816
23919
1821
28489
23281
854
15024
19341
4128
26890
14177
23556
3709
12287
9024
14402
29514
28812
29282
22019
19213
19565
3423
25506
16402
4417
2005
12963
22758
27405
26339
12842
18142
9912
30639
31105
17550
1165
13793
25238
1106
6844
16933
13434
11976
18393
26796
24035
29012
13659
14252
16299
7323
27166
9691
1871
21257
27874
18680
6513
18251
30409
7235
3159
2773
13789
22272
12905
27741
8072
21240
13495
26206
21274
759
15729
7574
3143
31055
12908
28553
9638
32339
32676
4348
11059
14045
29109
15482
31950
23242
8288
28882
186
31609
26892
16279
26142
23119
31042
11167
30600
20277
26928
6020
32101
16152
26152
17446
12426
8808
27934
24359
15534
7066
5421
8558
21229
7590
27154
32165
19527
8841
22191
24251
23582
29124
8074
30307
21180
30428
27979
7058
28619
10200
26434
14597
17627
31686
24031
19385
10208
28983
1336
29041
13746
9406
16262
1843
25739
30581
30632
22475
9867
17783
2974
23111
7223
11367
18192
121
22262
25063
28101
5496
11155
6690
22060
11296
5311
32324
5078
7565
9611
13052
12793
6052
3058
28417
32240
15242
9037
8585
25014
19499
5853
10451
20078
27828
5189
6303
14046
28441
3596
4273
6638
12945
3615
9042
7470
4629
6222
19407
14158
25316
7371
29944
27300
769
31406
4001
4009
30644
4723
14629
12156
7173
26746
29150
28254
24388
22406
25518
1588
4996
21311
14457
20744
19483
15024
168
25480
19492
15049
10664
14214
1277
16606
1130
26230
9417
32039
23520
29683
13551
30014
7046
10298
18585
9892
1494
31406
15158
14652
31443
3154
32505
16845
20095
12882
31576
5253
12133
4219
31629
10097
7440
17342
11544
1286
28306
7345
11835
20123
26878
27149
11389
20205
26094
21297
4904
7321
2557
17054
18891
19622
2894
24697
696
13560
2052
7437
6535
16094
27848
19270
401
18821
27462
19254
17526
7298
176
17556
4248
27212
3129
28984
22429
25280
30107
30624
31985
21916
25491
21870
5186
25860
607
23016
12290
18432
23111
12407
16360
7419
13841
31529
32623
19525
6539
32047
29782
31378
18436
21855
32030
2938
23251
18611
28560
13303
26576
7367
18228
7402
14294
607
25563
5526
3399
4064
22549
22051
31368
19410
18364
21020
18560
18276
22120
6898
27933
18664
9720
21111
4559
1618
25871
11619
10763
28606
28052
1491
6602
2535
29489
32197
27656
22704
16854
12701
6469
22943
3123
31395
24071
3677
19009
16770
8534
5944
10170
24779
27454
23969
668
6000
27472
20142
31146
2889
3874
9625
2795
23443
10443
17983
16937
17260
9576
10146
30579
19544
21401
20071
7580
4287
14852
22360
8377
3692
32209
4580
21671
2320
22829
10906
29571
31933
8648
26034
11312
8299
24406
27012
16596
30839
29202
6415
13659
31007
18742
32371
3571
14599
10628
17783
7566
13239
960
17924
25700
7194
23347
7848
32366
16129
15402
24340
8684
30110
17013
17054
11743
10250
12265
31424
18576
24511
4831
2455
3591
27166
31922
11365
20117
2794
18500
22031
23883
16075
28794
14752
28288
3533
30396
25796
1615
28126
22902
27214
30487
13652
6809
7347
28665
7524
22042
22668
7005
21676
26738
24343
19822
8618
9501
16567
17049
5442
7451
22384
28178
19772
30066
20844
22607
18115
19882
19321
3467
16616
13904
31624
7236
12061
14195
27439
9149
15291
26410
16936
29309
23164
4108
8400
13518
27394
26550
2729
13119
27470
21833
24793
8483
14921
18409
27816
31504
27198
7487
31238
30048
9054
6136
514
31411
5691
26180
25940
14955
32334
14423
14037
18223
13426
26348
5633
17769
20838
10685
6524
10696
24654
24076
18826
1982
8498
23837
10901
28675
23422
25274
22443
24336
16512
942
11517
15269
24046
13386
609
25924
8285
24291
30161
21172
26059
2642
17898
16510
8214
4210
15470
28531
1922
25766
10435
29476
23864
27216
27250
4201
15809
23387
2984
11227
911
16050
27576
18521
14708
28359
31127
5511
7465
12301
32350
3658
12744
22398
30668
10062
25171
278
705
3456
13355
22102
21957
29844
2457
25794
19327
30080
29769
1123
32062
31999
6090
20037
28019
18960
7183
8954
16948
31860
12273
16662
4027
13107
7082
27569
13030
15127
25436
8424
15285
19760
31112
24668
26574
23886
407
433
11516
30858
8789
6928
21420
13246
26737
30630
8558
10760
14590
7715
4986
2891
21493
26428
10537
15022
26288
9258
15992
32027
11889
21800
30344
14273
10969
28664
13856
16019
24689
13919
11818
12999
11045
7332
30258
29015
8388
16406
14058
4483
897
28035
25769
29517
17525
14273
2535
24060
5659
7721
8642
11929
3794
17175
636
5749
23391
12907
22523
27042
360
14347
11847
32117
12794
18015
3088
5898
11267
27859
7462
27072
11993
24153
27903
9657
31922
2020
12597
5723
27945
14062
9220
20690
4032
20467
28368
29323
24152
5364
9373
28603
32699
31733
19606
29142
6674
5503
31879
17944
13679
799
866
23551
11845
32229
9150
21455
14314
27878
24147
7437
28444
3002
19583
9476
31866
8446
2756
5444
18182
17619
13128
8734
13993
14174
26708
26921
1711
18246
28374
24512
10311
18489
22751
20865
13573
6503
16421
28367
29024
15365
4225
27473
24371
31180
25202
11377
24640
7031
26009
2015
26792
12105
23355
4619
16757
24452
8386
31918
23312
22771
19005
1346
12235
16737
19675
29573
13913
15904
14708
10234
25681
2691
1792
14952
16559
7780
27933
10329
1618
25759
20110
5019
22143
404
13238
4291
31580
10665
21793
1446
14966
1990
13820
6110
14140
13272
20120
11083
25985
14671
18155
28815
3070
11679
16655
912
22222
22210
13249
6650
31217
25012
21731
16827
25545
10486
5114
12165
32672
2829
9392
7503
2080
20736
6484
14548
27097
9437
3413
8723
13758
6196
24523
31182
9128
15001
32238
11
9426
16423
15773
17046
1628
14328
18392
23420
9160
21166
4934
16273
10624
14574
28336
7403
26446
29151
7043
18789
13026
22960
30803
16670
23119
10255
15187
13559
9870
1714
15581
10520
28154
14290
20977
9068
14035
19626
13997
27168
27067
27645
2266
21032
5180
10382
21087
7610
15168
26534
9164
27344
15767
22417
16080
12714
18037
30240
20675
21323
20465
10025
15645
14328
13703
23299
30717
32188
22166
17675
28835
14054
18659
8738
3062
14472
6932
3884
12031
30970
10038
28562
22892
32342
30008
25536
20494
23802
11630
20392
22363
17928
6927
28990
32237
9705
16055
1786
30465
21190
28902
1626
1273
19214
5246
25181
29659
1011
22857
25096
9167
18413
3697
1764
9125
9525
1286
894
23372
27723
636
16870
18012
15985
17194
31281
16013
11309
3276
22776
22078
25547
20738
13782
17135
28632
24526
23022
22471
1448
10778
22114
4112
25554
5168
27357
10677
16559
22592
31754
20427
18654
30942
6683
21765
11715
17281
5955
32318
17411
25349
11836
23795
12810
554
14530
14790
11909
32275
30229
3837
20200
10439
24955
4864
26089
7091
6332
21215
29187
6694
21157
23753
7156
980
25989
31382
17728
22356
23987
31807
9899
17570
9222
4704
32451
20382
13403
14525
20564
651
25619
12474
12530
12433
14482
3041
10099
18491
19905
18016
6769
13817
19597
29064
20172
22175
29030
28240
30246
31204
8897
14287
19814
29924
6038
15814
19254
17567
3555
20244
24197
16504
4391
5183
15622
23734
20711
6642
16814
32006
1837
27514
23354
22264
28420
15687
2727
25726
19197
10097
29111
26224
31661
28721
29043
30474
9773
26211
22692
11372
27289
19467
8793
19225
10897
20685
17508
2168
24507
7283
3548
23894
575
26987
5532
26723
32585
12103
14531
24753
16267
23867
10547
6200
15800
9378
3090
3668
11530
21369
10316
4677
12221
16099
9486
30126
7570
15779
22604
20246
23117
12965
9533
19563
15415
10102
27354
5498
668
30406
610
15992
23630
1773
19928
19068
32289
5220
22147
15874
18797
3144
31598
16746
655
30426
12262
21367
5992
29186
18943
3025
30173
15303
24847
28035
29269
19672
15409
18813
15934
774
20675
12563
28296
23496
20712
30845
4648
16054
18951
18773
22678
22542
21322
17692
18512
818
19488
14261
1365
17704
10940
23016
10155
22297
23188
9184
8665
16594
10978
12205
14190
838
19750
11203
888
21258
25506
23930
3853
25304
8157
13196
30662
15885
28961
26778
9791
13099
17149
13735
5272
20055
19395
5275
9463
25563
27403
4801
2052
10917
6190
13129
13164
26311
24780
25031
26718
9205
30535
29875
18961
10
20805
16359
1084
1412
22066
14116
412
5635
7611
8333
12914
25806
15957
22314
25346
334
11188
7526
8725
29072
9556
32657
14200
23752
13556
18016
10875
17865
15637
31080
22643
21901
6015
29094
6968
13747
17341
31738
32679
31484
9628
2983
3106
8141
21424
31957
5899
3761
30160
26384
11596
15572
13204
32710
2258
21640
13022
3276
5902
28612
9806
26329
3955
25248
27596
3082
6650
5595
15106
16989
1441
29013
25568
18998
3815
22165
7446
8413
13906
11076
25245
21245
9962
29615
25647
24359
11451
32074
970
10317
15191
6440
25649
30791
1105
26243
1899
4690
7619
11578
32066
21900
14537
18510
8645
28537
26628
8293
27591
7809
30232
13895
19293
1135
19502
15715
6244
2292
26738
17995
4345
19490
25750
31028
26623
10481
3150
24695
25500
18366
978
17170
3004
16583
32351
3880
26765
20144
1206
21629
20737
4353
19355
20219
18767
24229
6744
303
29043
10349
16696
24269
937
27531
8204
1832
25334
13336
15529
4027
14751
12174
26983
24227
10160
20302
31652
5410
375
31515
4671
2589
7686
21405
27677
21662
13748
1248
20136
26196
20636
10450
31819
13838
17692
14793
15096
31300
18008
5370
27298
29582
693
3331
11202
18219
21087
3170
5590
27004
30147
18427
32222
6277
25621
406
19678
26227
10699
23135
26206
21520
22304
13668
7917
31569
32402
10778
17050
18889
17252
1753
11129
19251
30749
25436
26660
1004
19719
17218
29239
23414
3761
18575
29907
5878
29806
30251
8988
25527
32468
610
7867
29093
26173
14690
28253
7635
6473
28609
1074
11510
19290
1268
21615
5607
4887
30169
31692
23589
6378
32558
30214
31312
21890
20503
25694
23727
24657
19612
25625
27563
19983
24617
29950
9810
7989
24588
28635
19670
16003
32251
3328
6923
3963
19083
31427
4844
3299
18362
1018
22294
30535
2918
18052
5451
4981
29140
31168
241
30975
24618
17684
23952
28860
5876
9832
6488
25416
5283
26792
30617
22399
2057
10821
19272
262
21215
29621
16769
24258
7232
24046
15360
26975
29483
18671
15270
20938
260
8760
23290
20407
19475
15181
22693
28
2564
12343
12789
21428
614
24067
19804
3454
300
26944
13550
20795
22831
21637
24806
16883
30377
9961
4641
12400
444
8841
15521
22978
4329
2822
524
13753
27545
31749
15403
21870
23704
20397
5995
20923
5269
5420
15711
18878
7331
5938
3900
29018
22715
29300
28763
12214
6712
15402
8379
19900
16985
14482
10109
13467
29890
8555
19814
15430
23036
31866
10080
2546
29168
521
12537
32412
30320
4963
30435
13697
19886
16729
20850
4772
3267
25280
12065
24907
2602
15089
28429
642
66
12360
19321
11159
16336
4773
21576
13468
29306
29166
31110
30441
27981
1163
9696
15255
4919
7656
26919
14854
18318
13559
13009
9816
28808
31404
7287
20467
2497
127
17496
20483
18104
28397
14293
18421
17745
19446
28147
12285
20565
20896
20956
13714
12781
21620
23902
10733
5675
14844
17259
141
32130
32587
10903
23990
16201
20341
30621
13549
7227
10770
10203
30589
24826
6592
15313
21238
6279
31390
12710
32681
20172
20689
4003
7981
25362
12034
32437
10973
27275
11486
29935
29271
8906
28054
28678
10750
29766
13917
16340
2425
1242
5356
24790
31282
23112
5633
26285
21976
3249
3035
30369
13534
2335
25792
21017
19706
25596
4471
28964
24487
15256
31695
11508
14499
10918
3350
31325
15473
19135
17570
13403
1751
18142
24140
30345
6497
32226
2288
1962
6621
13584
11503
21540
8414
23182
17069
30848
6201
22505
14611
23532
10635
29840
27661
23225
15537
18519
11021
221
1614
15861
20359
21617
9800
9605
25459
12340
22091
22281
22478
11783
10309
25826
19225
8560
21736
24154
24536
8727
6699
8731
8980
9803
10697
16565
730
11646
10177
28443
21690
31428
14549
2342
27721
24409
8459
9233
16799
5400
29231
12540
10202
10501
19022
12137
5017
30147
8764
28610
29057
11806
11279
26065
3260
30595
16802
2886
1397
5251
25364
21044
22365
8020
17734
10132
28713
21584
28768
1473
22034
27764
28236
5883
24148
2018
2362
26597
29615
10335
6682
10758
27881
15318
26405
1611
29514
14035
4693
32643
31006
16137
6120
25826
16439
26061
23778
21631
28776
29336
19847
19926
15883
15752
3045
21574
8316
6624
11848
8596
6300
20612
3523
26727
1871
10878
9390
9929
5118
2940
32034
2221
8982
7247
12159
23139
23687
1389
28903
2853
16965
14704
12737
16270
22219
20373
19511
29726
21395
28222
17080
12216
28575
17776
3702
17955
13811
6486
32233
10892
27673
23740
9034
20994
2204
23445
21273
9721
14733
30070
12951
1736
31489
26648
22093
24107
15760
10714
28804
16834
7384
21564
4042
9616
9720
7781
28019
7804
11798
26526
19478
13523
14553
20949
26124
18116
28400
27675
27636
31459
9353
27943
4914
17063
28634
32208
13419
27884
20380
5015
31243
18546
24971
23323
7871
22108
10472
12962
15355
3249
25847
13463
10357
10462
30592
20998
26280
4659
23378
32034
9042
19553
10940
25536
17398
31235
13842
14809
1371
28434
10798
5132
10764
21358
18156
21017
14550
21852
9645
6503
19277
27651
4054
24448
27718
10734
25934
1168
1630
8077
4867
32233
25202
19892
6501
4225
13861
10266
8936
7026
16990
10203
10887
29305
455
28151
12860
18552
26447
30161
2441
10741
11433
22448
9203
1945
12490
6978
32641
20657
26223
6676
6977
7600
21140
29211
32196
27307
6910
2094
19357
25051
9395
6793
28133
13855
17021
25420
18618
3448
29546
19194
443
31627
12623
11002
22158
3106
20288
8218
859
23979
26649
27911
14670
19383
23801
27862
9497
10621
25538
5502
1391
3157
9626
2651
20874
9789
28013
16045
28582
12375
26216
10263
31620
25961
27263
289
7400
3164
24808
7094
28187
4797
11422
17318
29290
14143
10976
12581
7332
17463
16815
2890
26016
23071
32339
31378
29365
18963
17367
19290
19521
87
2440
8296
9251
32463
10618
13667
11328
26501
16131
12630
32001
5928
5438
2354
3027
20359
9609
29257
12710
29209
9735
25811
16751
19064
10271
11884
11943
26850
18171
5268
17353
3255
26122
1838
26840
7934
32639
25346
31190
15584
720
17467
11598
21034
17207
26857
2763
17359
30260
9088
29022
10852
16905
23896
11805
7331
23613
10539
8862
2537
14362
26010
31616
9399
17711
28584
30435
23861
15822
25917
15083
27562
1423
30628
15425
27397
6091
19981
13457
856
1570
30732
10509
9303
1782
28697
232
20445
5101
11790
11228
29800
6259
18860
22693
22424
12341
11542
15236
4276
30120
22356
25789
4900
24704
11985
10010
18680
13369
25566
3685
15712
32402
25389
26097
22322
9740
22614
20242
9064
2159
16469
26528
12191
10566
3082
121
29849
28766
21176
25596
20667
30795
5255
11406
4751
27875
3331
11033
4931
31169
5530
23944
24873
18628
6177
30028
31286
4237
4432
28122
5763
13060
9025
13099
718
27603
14325
22586
2810
3818
13263
23946
29834
22265
14359
1950
2346
17401
30072
17790
12583
2468
3715
10041
7666
3576
2602
25693
1185
30648
22085
29313
26734
19691
23057
11195
30006
8539
6316
1322
27131
21783
25498
21870
4962
25329
7491
11051
22070
16129
2930
13194
18915
17697
14808
12472
25340
14191
27783
101
11701
19661
8824
12869
6249
20324
10245
11922
19990
19229
14703
27785
8412
19495
13657
14569
1154
11636
24395
3191
6385
30523
12849
29308
17591
19832
17113
32581
24453
28263
12920
22178
27825
16653
12582
17000
26037
29615
4189
22767
5294
10841
25982
13205
32478
15705
15437
13625
24363
1985
22896
24769
12445
17896
3315
16276
18659
1001
5319
22561
719
7202
3902
13398
30934
17847
32144
30761
20369
13069
22106
2067
4159
16463
10266
16272
4928
12781
19380
14240
31387
792
9968
7497
15481
17479
32506
6163
15784
2484
23264
16522
31769
27104
30232
9920
18787
3083
17143
26825
5437
18109
32059
22844
18439
20032
19586
13753
11586
29475
30416
27997
28180
28857
8973
30544
7110
19352
11141
14648
19013
16410
102
32194
15012
16607
6726
31520
5527
1353
31898
27014
13818
10239
18496
10668
840
21867
24054
31568
23589
2620
4320
17329
4309
25060
26886
25620
28098
29979
30164
8259
22010
18522
12441
5385
28078
19041
28424
16055
21685
25266
26042
4002
28935
4115
15017
5795
18754
5904
10166
13717
28456
16503
11557
26587
31262
10202
21532
6359
4527
6672
295
2676
2055
949
22199
19357
1145
28581
10142
16068
15866
5509
31125
12380
17827
30778
6071
32095
24883
5232
13571
18889
30091
7956
7901
18202
304
21466
32654
2776
9932
21432
12479
29963
18349
4969
7682
9920
11844
23019
14153
2183
18600
20226
29549
24820
29457
6579
25257
31522
21085
3785
20764
23851
16014
28499
31050
3761
15690
14116
18075
28504
3161
31570
10203
7497
15403
22712
29113
27569
23120
29300
20808
26944
11262
105
20097
30379
30862
28094
24255
27946
25599
1885
1857
21755
22898
14965
4011
11229
1452
25337
17542
15254
24983
10782
18875
109
19649
29921
32028
8112
14299
25215
26844
28208
24380
23291
17937
1728
5468
11675
3897
28858
7513
16235
8882
22137
5493
18873
30017
19424
29078
10391
21644
9426
1477
14685
14752
23479
8367
18724
11116
2046
13863
4940
12611
25750
6562
20471
21854
26227
18618
21131
14168
25359
17836
14388
11952
18150
473
9823
32074
23545
22601
6464
4591
8268
6179
16974
23241
11368
7990
30402
10215
10714
1139
11803
7615
22962
21105
4253
14247
11012
20968
5581
23131
24939
25654
13046
30330
19329
28126
6568
15112
2408
20739
1588
22510
25412
30705
7729
20598
12223
28565
24313
24015
19076
4608
7213
24975
6852
16616
3629
26668
10676
12326
28833
15234
18700
16441
12531
1360
18826
26818
11474
443
16749
13062
177
16841
25339
17520
26182
32231
25340
30988
8971
30820
28476
3596
1729
28659
13580
23623
31208
8749
30658
8885
7239
24077
14133
24821
29546
9842
26178
16839
10527
25761
12617
5522
23033
10944
21680
23775
29645
1628
863
25307
9272
25316
23875
26585
22295
31788
30155
23502
17676
24811
27246
10452
4608
1341
2339
3496
31644
25889
1767
2092
6094
14076
17979
20453
9035
11796
11683
24702
24583
19734
3625
5187
958
18577
6615
20135
13935
31097
27200
14014
8412
24485
5880
451
2827
13392
23576
19860
2759
3228
20667
2865
16928
3083
11651
31041
11751
9988
8981
11917
1075
30036
16536
13443
8927
5290
27194
12724
3593
6938
24492
9302
32405
6555
21153
11459
168
11913
3411
26616
8749
10275
10493
23063
12628
14094
21602
26853
2829
12496
10821
26189
31121
25174
6126
10971
8922
29295
21420
16450
1830
21583
25421
7126
3960
18957
12968
26899
11287
30501
14868
25620
781
758
13550
17436
11946
19269
26646
13841
3070
9913
30835
26364
6498
14173
20843
7819
25839
19745
7019
27023
2821
22616
16997
21631
17606
27707
3149
13810
1689
20837
16283
2345
11944
10326
22988
22659
17250
7153
21985
14342
16889
9213
735
20445
31973
22439
27213
30420
2655
20478
18105
23774
17127
6774
2611
17807
20414
15206
29904
21155
18797
16522
15145
24181
26173
25474
15577
26249
14524
15441
19203
1539
32318
990
32457
45
32090
26230
8150
23285
29801
26184
6869
2412
6154
19944
2040
9800
8609
13005
16754
15971
28115
2003
2557
11066
11019
16314
17236
32111
6137
32677
13498
30536
21006
24987
24946
5933
13313
18186
28485
12846
17485
15167
7423
7803
13232
26095
18674
28137
27565
3505
1906
14452
11531
10881
18775
30392
15957
2110
4734
27766
10840
31021
16456
8981
3751
6261
24601
29726
31258
7329
5594
9151
23371
14881
4728
2890
32536
5577
6755
21427
7972
18256
7184
16405
86
27602
22135
2093
8536
18511
3990
17117
31001
31786
23276
24747
17739
17323
28670
13887
26854
19069
4310
5865
23204
3632
127
32537
9090
20664
2442
20197
27973
6892
5260
5254
8435
20232
20126
26331
5462
19244
24539
20452
19836
7131
12774
18248
18234
15997
18018
15569
22948
29661
7543
13035
9110
8875
11348
26920
2607
18939
25511
5822
18257
964
17959
13575
2082
5986
3851
23041
7054
7189
26768
8908
12482
11136
12918
11823
9650
9259
22659
10002
26004
31745
14591
24325
22371
8914
6967
30904
23646
29906
13819
8833
24198
15640
17952
24793
28451
18465
13566
26847
30016
1610
20210
2772
27690
15961
2525
11421
12789
20469
23459
21572
26103
1577
8366
17015
22347
31206
4713
7432
847
1150
19909
10603
9254
16937
27063
5947
20279
9347
7607
23221
9132
5388
30787
5948
2292
10151
9562
6611
32066
23836
17666
25510
29708
30102
20930
17538
17548
21285
5928
1368
10306
27710
14405
8894
18800
20022
17964
5997
24989
12234
26231
14020
26643
5018
2498
5956
20577
31401
12845
3346
22745
9951
18910
13433
26899
28039
2429
3173
104
6609
28342
8424
13432
24402
17083
17849
16292
23679
12480
24752
8085
11573
27773
17483
17332
3380
26799
6700
19375
2719
7575
23961
22010
18558
24441
26107
24140
20796
17694
352
11294
31018
7763
7929
20783
20730
31336
2460
14339
10308
16050
12867
16991
8197
19721
2698
30671
19738
14922
28469
17440
27338
5334
8873
17894
7481
15122
22382
11511
17398
16869
19123
10478
23662
27453
28362
26538
29814
11403
9639
9164
11462
17730
2917
17212
19320
25947
20674
1444
24205
25556
9630
17139
28264
1324
13184
14812
16465
20969
10257
28245
10484
32019
20383
6169
28383
23222
16283
8486
15623
26212
4379
13375
9540
22960
11097
23403
13008
21172
7730
11892
3276
2700
3240
4457
10427
7128
10080
796
3333
22847
14116
31653
9078
13287
14179
23262
7100
12797
172
26340
24044
30003
823
23196
3326
20797
4444
1068
6476
29267
14874
29566
25367
5042
13201
14529
27906
17947
21896
13031
7829
18002
9192
28199
5820
25505
26943
4733
3653
30290
24894
25125
19045
26168
29499
18468
7988
16679
31920
30399
556
24952
11194
5634
11438
9350
27035
570
20094
12596
21816
6780
20546
20068
19868
7964
9734
18817
3187
8246
12731
27894
20624
31784
13747
1716
6247
28182
22311
32433
27796
11365
12465
32099
14930
5952
29906
8777
15877
30487
8301
19043
32177
19227
15690
26292
21376
10179
13461
25287
2112
9545
12637
6952
32226
24110
4885
25574
27132
32178
28693
7960
8264
24157
10266
25429
27939
14457
1730
12858
15
24725
30225
16104
26162
5636
16623
17539
5332
24924
26024
27828
997
759
30827
17960
22644
29045
5579
19215
7993
26680
25920
30622
5900
1511
11175
28813
2924
31468
28094
14745
16122
18422
8873
31747
26107
3191
30321
23824
12505
25895
7295
25735
26274
23167
12837
29494
3975
24383
12565
18797
12126
24297
29160
7553
4129
23619
16024
16971
7277
8153
29959
23975
18948
30329
14710
12021
5196
32693
14606
26011
1742
3172
31835
1920
22455
3361
18891
26515
4698
4299
6196
11330
20908
21252
4427
26115
2758
23218
9262
13775
26471
10368
10203
930
12399
30046
3511
17661
18533
253
9224
21348
13811
28756
26746
21216
15973
15390
27294
10365
4141
12121
15974
205
32097
30153
32427
26212
17979
14963
24488
26714
29593
22050
20860
20684
16763
3557
12971
27483
6535
24975
4766
23467
7560
27190
1054
998
16875
18613
32733
31542
30784
9258
22253
5199
27071
14456
13639
29666
16833
29894
13382
14123
2115
10750
32041
10852
3174
18767
31637
3920
24305
12972
8208
29617
23758
4938
12935
6098
18825
21542
13512
25854
31188
6269
21769
29702
3589
19538
28768
9151
15511
17131
9544
16258
11429
25940
30243
13739
24690
28891
31666
24090
12260
17810
10142
20661
21251
17617
5875
19428
31871
16305
29856
11027
1064
30098
27640
27956
8564
8853
11060
19258
13820
7715
30191
24223
10239
2405
18344
22495
19678
3529
1604
17659
25502
11139
17545
26615
8042
6154
5284
7516
16910
11415
27300
21175
18044
25769
3836
3352
6987
27780
8453
32660
27955
16301
10618
12739
402
22383
15610
13890
8426
26970
11914
28978
4449
13758
21008
28344
8512
26165
20185
18811
16756
31766
532
8489
12304
20227
29012
8434
13002
7004
19730
5643
24953
8393
809
5677
157
20660
24920
13843
27607
3276
18372
20480
4204
30084
27507
23095
30662
18578
10450
19840
25076
20336
26160
7081
28709
24030
1600
13827
24369
24671
27291
9185
21008
31415
1596
10525
11360
13939
3
31891
31972
16737
25906
3748
30719
15380
27635
24499
573
6241
17871
26283
19147
2021
568
1912
30202
31356
257
6538
22464
11467
29921
32341
15927
18104
30196
18387
19484
2541
9273
28417
25425
4184
23061
6749
8027
6830
28366
29807
24548
28387
2321
4669
25403
18099
365
27093
28879
19997
21718
22727
5048
12770
10019
15016
25902
15883
21904
3984
26383
3168
6460
12957
28254
17138
14764
8302
7615
25234
20294
19880
28668
9559
5591
3445
21122
27932
20238
2048
20453
16895
13567
16634
19032
24804
31905
11800
17973
23024
26704
23955
17531
16142
27211
11431
11595
25197
22327
3604
19051
9472
10394
24736
20931
21757
20321
21907
32739
7263
5723
26425
17018
32612
5308
24420
29408
27407
12443
28135
8333
21415
12660
20252
27552
25398
25255
607
28505
14347
17910
4241
15519
13113
22027
25238
25723
22294
22768
10199
4763
13756
17045
19649
14288
28555
10062
324
17552
16805
15954
20308
29557
9329
29757
16747
9148
31257
3470
6406
17351
19724
22826
5412
19356
7804
29400
18634
18275
17633
5571
385
29164
23156
32507
15830
24358
15285
24563
13274
13993
5605
24836
26528
32301
1421
13289
20929
29713
17653
13890
5595
31189
27310
9234
18701
3744
14345
23104
18557
22972
30622
10521
8146
17684
27590
14029
32698
10173
19744
29165
17510
106
22800
5108
3081
16374
28731
13243
23901
9182
17676
26626
24094
8388
6707
31214
6540
23789
4385
10118
22253
15044
2189
30261
9
29526
2802
5451
6061
16595
19726
20604
16425
6419
15460
4703
20945
30735
7611
30448
383
14947
15261
28175
5903
2003
9434
28158
13282
19907
31490
13799
10588
18877
20718
8276
24423
9199
6456
1461
19181
6570
9406
11998
29793
14309
12579
22406
3639
9655
1870
16586
7016
32481
10729
21415
9711
15938
5091
21379
1358
14432
1774
8357
13578
9702
27138
2744
15146
15905
14296
13132
7868
24961
32112
85
28240
21534
26764
7850
22140
2097
26163
5255
18518
30870
20783
25612
12285
4945
12430
15804
15120
13318
1573
17151
12085
11903
11528
22688
20628
26922
18451
2383
22617
1945
16485
30752
31542
9472
21472
25354
32734
7866
13226
13673
25995
28356
12974
10877
6777
5697
1052
32745
17001
6132
2533
14389
3359
713
13120
27980
7396
3148
27432
13054
32004
15152
5852
2431
10321
8650
9309
24551
8095
10388
10483
9904
4166
26795
4009
29243
2723
5712
22476
11595
18583
31594
25456
23431
1031
515
21995
27645
23898
20167
600
7066
20990
27528
27157
26547
17123
445
19269
4223
2814
9470
16207
11162
9672
11657
26973
18052
26044
8896
13534
6432
15068
13737
9221
18486
2349
19309
11847
14321
3895
6105
12001
28258
23686
18400
25424
1531
22571
15383
31191
12308
22331
21304
12285
18281
17231
17568
268
29338
20739
2769
25747
22186
18040
24048
7396
22913
20945
15943
5526
29802
28601
3780
20997
5782
25052
16249
27598
6039
13674
2074
8531
14821
22935
12930
29757
15708
17949
29999
22517
444
12728
24001
28713
14632
22697
19327
24397
10920
21300
31186
9496
1192
31778
6855
3331
16246
26432
401
11469
4039
26590
23814
29434
26930
10065
541
17743
4276
19313
18038
12120
16171
11548
27346
8418
21467
7857
5526
15489
5868
17045
23885
13835
3049
29106
25379
16667
21570
12787
32106
3983
8652
15561
29209
24587
14652
5545
16712
7284
1199
12428
32694
2165
13861
10349
16707
32765
31233
1487
4982
17855
14731
5428
2040
25009
28015
19879
20246
3982
59
18227
25156
15700
16612
16746
16021
6598
25922
14815
12099
13035
7311
4780
10285
9357
12780
18669
12372
22203
16092
15171
23646
19527
28103
82
22803
329
19577
19779
1506
22938
11936
27715
8029
8026
8273
17153
31161
4459
26756
26932
19279
500
7059
20243
1821
1247
15807
29659
18246
11866
30123
11341
18318
24922
20191
31022
28639
11795
3143
28101
28358
16513
2737
9824
25591
24291
13139
20175
6853
30779
32322
14567
21675
17103
1276
768
9158
27307
9439
20088
21847
20508
12719
1582
27718
22070
14356
13576
11162
16720
20505
27757
12547
9603
32687
15051
8016
25902
11560
12819
22777
16245
8637
32312
19094
28349
7176
2996
17766
22321
29322
15874
27081
17729
17959
13861
8646
15389
17573
10528
11143
21566
31536
18044
13271
10718
14553
11973
171
23419
274
31245
11158
6233
3636
20071
27731
16125
25593
1645
29503
2994
29186
26555
21468
22279
18002
26994
32591
25679
20434
2742
20195
16415
12491
14640
7812
11988
8559
18317
30533
11019
25168
29693
18907
29735
16103
32437
14623
11471
8206
20589
29840
2413
11910
12515
8910
3760
1395
3414
23584
24586
29915
20235
13551
7731
21546
16843
22601
21924
25777
2659
12896
32029
17442
11556
11016
1056
28438
9313
28732
29043
21384
1779
20633
4514
29527
16056
9697
13691
5831
20239
20346
144
3840
11102
15596
18360
2190
7565
2151
32654
28127
15496
8507
15089
22985
29377
1629
14723
6657
5291
4329
1578
16805
1856
20122
9617
19379
30332
27732
21672
19856
7135
12443
22304
14722
5359
1561
22000
12597
18868
5660
19923
26682
25403
29462
3527
5764
21012
21275
17808
31465
25811
23142
9267
28071
28306
30164
1659
732
32110
17767
13687
15629
8453
5829
13562
20384
16639
28599
8730
29025
898
10410
8626
16129
17340
5937
24288
11667
6237
18561
6535
3341
27162
19443
17614
6861
6699
3462
13727
9233
14542
16475
24873
14462
19394
22839
11102
27802
9420
6404
17782
11346
18486
10064
7275
7540
25419
15565
22395
4662
21213
24015
26281
2990
14783
9425
8507
19543
10058
7408
29757
31379
19932
11375
8445
21283
18773
3889
2957
27568
30104
24898
6469
1350
21776
14671
7998
28372
1833
21289
24792
30637
20178
19014
7732
29194
10498
25663
12987
17798
29488
27475
17301
4512
8665
6371
32307
24637
1790
4084
26310
26659
10403
26544
14021
