8975
1214
7201
6984
31776
6787
30663
15276
26077
31845
9914
25178
9480
8741
21447
11631
19859
27736
31018
9753
22313
23784
23830
8477
419
8082
24113
28495
2452
25191
4118
24093
11454
32331
10194
2053
32410
28537
14439
29977
3284
7677
16204
2946
21452
30264
234
20475
791
20831
13601
30290
4604
11772
961
16874
9207
14444
20754
13883
15673
9055
23116
5968
18214
20572
8735
14920
25813
18490
11565
9687
6036
936
3723
706
13154
934
17475
23654
9075
14857
25557
12593
32432
16891
5809
21287
27700
26745
26303
6238
22479
1235
23256
23427
30343
8495
25418
19539
6930
29447
5720
4131
23134
9126
15543
12889
9
26799
11794
25840
21225
27798
32134
4344
10629
1829
30247
14099
20122
17913
26490
8185
13719
17666
16889
23797
32545
22278
914
6246
19856
32287
29736
13887
26992
13368
12816
17543
13825
916
3733
15321
30136
28487
14965
4069
24252
11195
16994
4078
32617
10028
23426
5962
29392
25132
32751
3558
25909
6176
23351
14527
26767
14274
1757
23145
6412
11165
5847
9100
4491
29332
30222
29538
12320
2139
4833
26682
10899
7675
23458
16377
29409
8787
2839
2195
27578
6802
17658
8342
27906
19134
634
1952
6224
11824
20152
32484
32113
16405
21322
31145
3814
5103
13500
24010
26209
15890
16138
5175
22861
3111
25127
26994
23875
3500
32377
15892
15510
27762
347
1862
6856
5406
20890
8008
18706
12201
3064
26093
27360
26593
4012
12572
27218
1509
23263
3409
15548
22188
14128
19994
30503
25726
13874
28315
13006
32634
32233
16907
16802
5646
25937
29748
12999
23938
24791
23031
10005
19054
16093
4550
30103
22847
13370
29735
8207
9911
14520
21560
6000
22633
13204
4133
20579
21825
30722
29108
10178
19962
4518
24250
5920
5542
24860
22946
14655
18985
2161
20973
7833
19646
10151
17581
29144
2673
26933
11530
27742
5284
24197
17597
6845
2442
11381
5271
28991
19631
2007
21755
12384
3949
496
7776
6479
10616
9468
27088
29297
16724
24744
24939
23518
17626
18071
229
29666
12726
5854
1539
19325
11756
7304
12578
10980
28750
23059
21937
9725
30983
1521
15026
231
6676
22280
19261
25712
20422
8498
5884
25244
26946
16829
8880
19237
256
23532
2219
20470
17743
25972
26964
31150
4303
769
11174
27683
21238
13487
3505
31453
18572
21136
1304
3479
1070
22828
28561
21697
18127
1533
4968
19969
10290
17391
28668
6317
3954
26598
24129
6738
31611
15672
316
29489
7054
25134
1674
17084
14272
29831
14041
15389
27003
3573
22125
2736
9212
4254
21917
1668
3283
17309
20819
14558
9319
16254
25488
12470
15983
10950
17381
10040
19066
18024
14331
29764
27751
19025
21517
21231
25838
4573
2920
30207
18966
6239
4338
27763
4028
17822
1952
22008
24595
2642
766
26485
17438
19627
22442
16257
7223
9418
15322
2791
26764
26950
14290
31017
24989
2985
26222
250
24767
17648
1439
29890
6300
4623
22245
26398
7600
106
20442
24414
16077
19037
6823
24069
11673
17333
26252
12620
30475
5684
2141
6560
19441
19985
27392
15903
6509
13942
20464
28959
29043
1537
24508
17575
17229
23363
2696
28403
25623
2372
14475
32501
26435
13309
19088
24782
18198
15580
27254
12889
23850
32579
11184
26529
10986
23818
31685
16230
29209
6905
25296
1949
7499
3406
5121
12780
30825
5181
19995
14386
14642
26731
3060
20732
22453
14194
1272
29713
14040
4192
32166
12008
7380
8248
26641
18732
31670
15983
21601
14655
2527
18800
12624
26804
10885
21273
23725
18643
9777
7484
988
14105
13119
26143
21588
12726
20065
1276
31775
23565
25372
22146
31326
21303
17481
31058
16323
21120
29845
23170
7956
10217
16130
4637
3503
30884
8035
4001
13312
21915
31460
5760
19981
8170
10368
2720
23531
15712
18825
3292
8774
7426
29220
26496
31453
2952
8650
19152
29955
22494
3016
22914
17951
18340
12223
1343
2605
23470
16933
15143
21563
25733
25794
24650
3821
26340
12084
7727
11513
20540
1900
32593
10668
31536
18991
23452
22883
1050
17301
5365
2579
28036
30605
9135
29633
5296
14936
29463
30986
30225
6409
3561
14237
16847
4619
6873
26812
16455
7579
10507
4543
1673
1610
19611
1169
31448
4477
2838
12337
10541
30700
6142
16689
26548
11814
24906
4667
19278
32011
27620
27783
27661
27217
41
6246
31163
28928
9837
15803
8276
2550
29556
5244
15495
1124
9466
25909
24633
11854
3628
22917
9985
19727
21549
7328
23213
26066
31378
19403
26556
22042
16358
14051
8675
15420
18982
28886
22664
12256
9030
12328
15177
19076
1451
32624
3702
32760
30895
15833
12179
18147
15648
28577
27095
4412
2497
24221
6832
5330
6087
2739
9788
25541
32605
27230
15313
21770
25633
31534
27255
15595
29093
8773
1384
30085
10222
23771
22679
14152
30713
16571
11558
16763
12337
19652
7662
21173
14586
2410
15355
29029
8489
31026
782
1098
31369
22841
7705
15100
1624
12717
31686
18018
12744
13906
13041
24889
25215
30462
14121
10387
4888
24606
23859
17494
16287
2863
12166
24505
8728
24389
4816
29131
16121
392
14960
21995
16811
5554
27898
13393
10509
20115
6327
14979
17393
20109
14370
9185
32158
22552
1644
4634
31308
20031
1016
13748
939
1313
19168
18056
17756
25201
13166
19524
22902
19958
18596
14055
9474
29195
3253
18249
1152
19488
3465
18320
18528
3384
18749
5052
393
19049
25248
29212
7638
32095
9656
15318
21652
21722
23611
21859
25349
21803
29206
30480
6368
18618
27113
17791
13518
131
8585
14884
4335
25749
26236
23496
8019
21650
23169
18186
13954
22578
10246
1753
11765
8127
1712
15611
19098
21658
4055
6793
31571
14773
25350
10352
25975
7191
6783
24561
16720
4955
4021
4898
1692
4657
28625
9580
26892
18139
8238
5131
9416
19377
29405
20113
6889
10142
11041
24419
15869
7841
20980
25658
20102
21069
23168
22179
26492
12874
5799
9343
23239
15570
31612
6276
24005
3892
13767
4794
1482
18004
3717
4352
5275
12072
8037
1924
5362
18237
22348
2382
18173
3376
20178
16566
23775
8502
27843
14313
1838
13716
23200
29032
20851
20263
18715
20617
20141
21982
1182
20980
5581
30011
22980
5159
3643
19670
18910
12275
3153
28890
3952
24829
15835
14982
29362
32318
26269
26797
28176
17027
27853
4150
8874
25837
13716
23709
7380
369
20881
8304
26774
20826
31062
13778
30253
13250
23017
12028
20105
1565
12613
22199
6094
19631
15062
227
27091
11024
27648
10996
29349
11439
153
27759
27397
23884
22378
14193
23270
12669
7859
26921
11760
16170
20644
10841
6144
17937
32740
8152
18853
2114
29710
27411
29860
29348
5678
31368
8309
5486
11593
10825
20164
27823
27347
13439
28657
30919
18230
29157
10129
9964
11858
27209
24811
2470
31735
13582
13179
24914
18540
10668
6002
29859
1260
24622
27188
14620
26660
435
17113
19352
10934
26863
5804
14530
5049
4775
11695
5533
21815
24120
26389
26622
14510
7696
19911
24333
7055
30771
31968
23495
15298
5815
21553
18815
21536
10313
31933
18008
2295
12454
15677
7116
9353
10531
7838
1833
9102
28966
24702
21007
4525
3754
15795
15091
13831
16063
196
11679
4013
22023
26734
19375
8741
28986
23584
17686
4584
30115
28799
151
4327
24993
15331
5196
6914
27943
31448
3619
655
31292
1183
3163
19673
21883
4010
9739
24222
18068
17955
9116
30864
28874
10853
1867
980
883
19329
26024
11911
14972
18875
3609
22580
12002
11019
855
20063
30521
32668
17391
22781
6185
22096
25283
5882
17644
314
28551
10930
28625
10787
12101
13944
10941
14086
9433
10514
22436
32403
26997
23098
10516
19632
21790
30495
29355
14067
30509
16098
18844
16681
24272
3865
29998
20947
13190
16464
12092
30372
7590
21123
13494
30980
32473
27045
9758
17039
31387
6684
14349
4503
20158
1347
13228
32158
31719
17894
18235
19421
15887
11466
9869
5056
21763
19746
31625
13159
7397
22811
9899
5158
30377
20049
20353
16134
152
29271
17711
16707
7888
7988
12012
24779
21442
24544
3202
8389
26803
23755
1746
5640
26172
6231
4174
2975
23754
31577
21884
30540
32030
12699
32122
15874
206
22109
14964
18538
25282
28879
10800
26463
26552
16537
1667
2161
30401
23124
9689
14950
16834
5134
19376
436
15860
16841
18717
32008
27748
16892
27975
22979
29299
23057
17895
6264
599
25318
12238
8559
5016
17740
14175
10532
27540
18059
18705
25801
30204
9436
12782
3776
27988
1005
28694
15138
21367
10593
21309
31802
14865
2381
27944
22283
23331
8892
21044
1990
387
11308
10704
5717
16729
4111
3838
15059
163
14667
16598
4625
20401
12218
8962
8723
4522
1194
3651
11920
29958
3934
28907
23926
15377
31115
16225
11108
21871
7132
13472
12334
17554
10863
25272
13148
23109
12630
4940
4267
15653
24855
30738
27787
16930
11052
11094
14495
5379
11908
119
2112
12511
29696
9321
13563
10405
31479
3633
21262
16277
5554
16236
30191
20933
5616
21704
17605
3229
18787
26249
24300
30554
17969
14598
4214
19343
1909
15657
22181
7583
22971
24819
13425
21829
6023
12277
22280
30220
13775
17368
2633
14295
8317
1239
32073
28506
26350
14911
22223
18079
14453
27382
6615
17795
12504
3569
23058
10806
29906
2748
16483
4542
7824
2550
24420
28789
31284
5586
22496
23174
4693
2711
19798
7284
3197
22304
10876
9107
21929
3422
13754
13965
7884
17105
30123
32223
10573
16659
26015
23641
25477
1613
31259
6049
21826
5567
30040
20656
23622
6205
3008
19540
14536
19629
22644
2988
27122
18570
8649
13488
23137
2147
28102
19110
23721
20572
26280
13998
30671
23724
3934
8247
972
25118
18445
5511
5649
24209
8845
1079
15869
14712
1770
436
4456
13402
10212
25536
2332
11090
18287
10479
11607
9616
19252
12587
4683
13783
8462
17968
9374
11005
29582
29712
17898
4206
11895
12720
14653
32425
21315
22857
24474
15297
7580
28904
17526
11230
30692
17135
31292
4538
16302
18066
18122
7972
23106
22618
8178
21888
6429
17062
30714
13893
28271
5669
23068
17277
29083
21085
22278
20553
13242
24102
16731
8539
25625
20528
14897
23929
17590
1913
3473
19969
28359
5080
24314
28511
26419
28277
9694
20889
790
590
31267
18628
7233
1204
12451
28044
5560
7628
18349
28080
12339
24847
9090
11395
11934
5578
6873
13164
19097
20382
21339
29287
30968
22273
28199
20610
32324
25020
1104
3169
21304
7019
29530
27834
22853
32255
31168
16602
24335
31295
9073
12574
29933
28739
1614
24443
4461
30712
20142
22518
1485
31135
7131
20780
17027
5710
11410
15564
27575
24685
23430
10264
15811
25658
27614
27752
16826
70
9650
12199
20958
3573
17042
13524
28200
23042
10752
31873
24772
27897
32241
13656
12947
9147
30544
31889
28583
6141
4730
28285
15306
22730
3011
1791
14072
29436
11247
21005
12768
18887
25786
27699
12903
16175
15697
21264
18469
11404
3799
1496
12518
11021
4321
30160
19754
11314
13818
18133
25765
25169
22559
24533
15039
30994
13636
19284
29462
7666
15310
26601
17911
22724
10006
26815
1257
13355
27629
9748
28450
13858
29970
15805
22032
10356
12222
928
4562
12612
26649
16952
17852
15239
30146
19221
29910
12165
14410
22361
26205
31579
25529
14396
23104
27516
7432
22409
3492
21291
26278
2079
3937
1283
23796
9842
25732
7023
17096
2311
31947
4402
24045
16635
30507
10720
9121
10876
13901
10851
13590
19790
17677
24952
11250
3399
2810
47
14031
10964
20697
17006
1468
4978
5410
26479
1722
565
12417
31293
29248
28741
19029
27195
10167
21852
7477
29597
23038
14410
2918
22509
3047
3953
870
26247
23736
29001
13413
21789
9388
5341
4807
26677
24944
8780
11427
27558
29350
21321
20039
31518
9829
25499
30385
6815
5558
20893
7191
7933
20760
28351
16480
26210
23806
16388
21929
24778
32332
11906
29378
26759
22237
2021
22446
27326
20992
20205
16934
24552
24823
23531
4630
5203
1911
19784
15902
16542
14378
18429
6163
29248
304
2076
24956
17410
2201
16710
12309
26240
22765
20275
8783
30892
32164
13869
25550
12363
28590
29589
490
21110
20973
7773
4143
31770
32182
22412
7389
14969
24404
2749
30056
29607
8836
32416
15096
7949
12026
13687
18154
19945
29915
7578
24398
972
2368
4596
15208
24347
4794
10884
22575
4495
1480
23773
7377
10421
12643
27815
20268
9839
7026
11292
22614
26993
11606
3211
22806
26052
12384
32472
3689
11590
6742
9209
1534
18472
10738
19835
8891
23919
21346
19963
28982
11124
31945
6574
19516
20580
2748
14041
20813
25280
15558
32345
9501
23006
23013
11293
2069
18022
11531
16295
15057
23254
20894
11407
12960
17407
20472
23296
7687
20869
2536
30777
14653
28259
30511
5901
29360
26981
12803
8291
24447
3500
21392
5047
32766
2862
8306
6039
21558
12083
1340
23078
16482
27865
25332
16797
16754
13713
11156
27845
29068
8607
20107
894
23686
26782
30010
22332
9326
10746
3960
21380
30210
1396
12302
15987
19768
929
14651
18744
2487
20076
22834
28821
21340
14735
22167
11617
20150
6942
11525
29961
8586
29692
31115
2571
18257
26724
14123
7289
13749
2146
19289
14972
20759
26711
25218
4303
12555
2424
7298
31552
13530
4687
2349
25906
26623
22329
29895
31261
13996
13030
1164
9740
29250
11997
9001
26142
9692
31733
15680
26887
15045
15069
19944
32652
27901
5269
15147
23818
4024
8946
646
10223
8670
10526
13677
23103
12940
7190
17861
29200
5522
31530
8807
29199
26611
30848
9124
12793
25705
29074
18363
32547
2014
14251
16228
3315
1524
10350
19017
13668
3453
5711
25480
2438
23812
280
15923
12795
10050
7782
4559
8059
18346
12841
14040
2897
18142
14119
4924
18396
12087
22394
22235
24847
12609
13581
2062
3313
6204
547
24605
27677
3740
27088
30663
6723
12938
18558
17341
3750
31330
13417
24871
19613
26931
22051
12830
25618
4929
4369
18993
16901
29318
31725
10977
20745
2861
10562
20516
27078
24597
16371
3301
4982
14165
25524
14210
5225
11954
28046
9805
21121
8234
29792
31756
949
22125
9561
17530
11922
4446
27775
24771
31414
23190
27947
17419
20820
10722
19082
32744
19891
22976
16414
8419
32174
27622
2619
23292
29237
7611
7818
1571
8138
19676
13450
27327
3846
11160
7690
24106
23826
17780
28592
12083
3118
21416
31092
25243
9261
24992
3878
16281
8950
16764
8420
11351
15621
20625
9125
23154
28136
3045
18865
17277
22723
29879
2855
30079
30925
17653
32374
12144
8656
29635
227
19904
20653
2555
12041
1745
19414
18088
11604
30583
5073
5002
16518
32639
9148
18837
13875
28198
451
17777
7492
32413
8108
19451
20087
9356
2892
16067
17629
10379
28431
8332
18011
5290
25203
27087
23593
28907
2701
11577
6998
20419
2692
3112
15683
10909
17425
31538
2083
3671
26629
22174
1922
6082
22211
18153
5307
16422
20674
30018
12159
31164
30476
4110
9813
7218
7105
8037
3861
8491
25237
10643
3948
12476
12621
10136
30043
32240
28742
18856
8119
29509
6895
2988
13995
12076
8266
6591
13361
20621
4975
1202
15517
4929
11272
18057
18195
15511
5846
5884
5643
22480
5675
4086
32724
17058
29294
8729
1806
2488
15002
22840
17199
5424
21695
28891
6399
9500
24192
14527
17179
7682
23955
18772
10870
9564
16452
2109
3795
3609
11762
31956
32589
5402
10129
29859
8912
28085
30758
30699
20637
7734
30030
3617
30921
11353
4023
21100
23742
6609
13221
22569
6073
12484
31087
24423
30538
8268
9727
22891
9176
26872
31574
15661
6426
6473
22789
11225
28319
23094
11445
25935
28743
19368
12961
3235
1735
12543
1558
15518
28713
28043
506
27707
18505
20755
28994
9003
24922
13394
3962
32338
27743
25973
22849
1095
29106
25758
11466
18904
6529
28772
14940
26244
17484
25168
17619
14591
29544
23394
12829
31665
383
16522
27581
10551
11021
1840
3916
12512
26340
20908
28403
31538
3754
23502
25075
15971
22358
14168
25885
8928
6582
22655
2906
14282
27372
29294
15908
14195
1260
9154
19978
7141
32512
29455
21296
860
22084
7001
24013
25799
17962
10396
30380
5195
28920
25669
28588
6080
22597
4535
1088
19250
9599
31431
18927
21857
17000
19520
28884
27713
16788
16992
21535
27003
5868
9561
23187
12010
8239
5584
9990
23327
32108
10593
6372
19934
14729
22298
7340
31902
17087
13307
19569
5901
13083
32637
24667
31625
26878
8
28452
31656
28574
12155
32411
28850
14212
14248
25636
8226
7948
16085
30006
28712
19176
1084
2011
27689
20125
19595
17204
6462
9476
7781
16371
6833
30922
20192
30942
9859
15601
24069
2899
18921
5452
9043
18367
32202
3847
19004
4645
2882
10525
7846
4765
16419
11488
10603
13778
29551
22133
7386
32131
23006
19797
4404
8451
10846
27853
4400
32185
4750
23678
30327
22433
31555
30942
5672
27081
7427
2997
15701
18133
25740
21665
32133
2427
10062
24979
18736
21768
10221
14160
24646
9689
27328
18928
3240
29155
23125
17762
11949
6443
15339
9703
6559
9806
29685
8338
16443
24315
6814
23502
12596
9332
24640
30680
25521
9233
16875
26433
21450
22461
3556
5998
28431
22135
14372
26903
20738
29905
32469
30923
20376
13685
24280
14186
22459
2459
22594
21162
6603
24980
730
28051
1560
3395
29340
10499
6506
27806
27705
31787
31098
28721
27029
23823
24950
27035
28232
14602
24192
11280
11294
15687
23599
31957
30615
28490
269
21447
3175
5477
23320
27604
8695
28483
23618
9088
20450
15969
9968
11618
17017
7823
10878
4261
16191
11892
4026
31111
31086
2055
30052
23005
13936
2327
31925
22925
16999
27588
9685
5906
13478
12035
31842
14332
1077
20254
5104
18797
27729
20018
21636
28830
8425
3247
5912
27480
21283
29148
4635
24699
1493
25680
5613
122
12812
4730
6503
30172
15240
2842
5713
9661
13630
9669
13802
16459
30165
15205
19812
8522
31785
11958
10853
144
9163
17611
12167
29322
10623
19847
16601
14517
32701
7204
92
25125
29489
20400
23174
15362
7995
27530
25283
4614
12911
16362
32751
16129
790
8790
26845
3413
29611
30254
28883
26490
10078
1313
9228
22651
1685
10165
13364
23671
4966
15811
13552
289
3615
30457
10323
22080
27071
27478
23402
11823
4217
946
4785
11870
30776
12851
1691
12240
1813
31449
12303
28571
18403
19443
25829
3947
28324
9895
17517
26112
11537
5998
29672
8107
22294
32405
11021
11989
22356
10430
4230
3191
29597
14173
26224
18595
24955
22843
1759
27386
10921
21239
12375
9012
24985
22400
8788
18843
9708
12444
2499
12176
30973
14180
15751
16389
25175
7365
19189
28673
25658
512
21079
32543
16410
24875
13165
2063
2848
17839
2536
24851
4775
21704
31213
19587
4287
9736
19608
31050
12462
27604
23670
21351
25450
27621
21002
9325
1057
18376
12361
1028
19633
5470
12574
6246
6704
18269
29159
9954
357
26062
28662
29788
13133
5773
21777
30154
12696
30155
5106
20665
21289
16015
21703
11206
6297
17201
12723
20262
20660
13790
17227
5406
3322
16663
32026
10892
26144
28722
23070
8028
4237
26583
22857
18195
16605
28292
18945
26952
24673
17674
26784
16934
4509
20238
19189
21228
1225
2953
7361
621
7248
23880
11322
3472
24916
9068
18059
18385
18472
8682
25683
11198
17621
14861
9762
15226
12182
29424
8447
12606
31068
20996
31460
32723
12362
912
22336
8985
21562
21291
4980
16516
31542
29764
21335
6041
17920
6811
23986
17013
9354
25286
18628
17991
27263
2733
30399
29649
13240
31246
25162
6122
6344
6905
15101
31743
13169
597
20968
13966
29484
26713
22028
19369
16805
28948
24800
7545
30524
17638
21198
11449
8070
30981
32691
10551
3529
18425
11106
21078
16772
6687
22050
10126
6885
24106
22828
26858
24401
12701
21294
26505
3551
22867
25802
9759
989
2551
15639
18801
29002
140
30239
22748
7514
27367
16735
20174
31477
8240
25675
31051
3385
10596
1223
10857
7155
6614
17839
14549
14378
14249
13136
20556
4244
29783
32749
4643
5662
13614
4155
1472
28777
27598
22501
22814
16968
32428
1545
29005
15939
402
440
19183
2839
15900
13946
10940
30771
3133
12488
7679
572
31416
2704
19223
10122
18343
10165
4599
3241
10488
17036
31910
28889
25834
18528
32703
29327
14997
1519
2802
9201
6751
9195
27010
28510
11912
29562
29382
19428
13215
2742
2728
16840
8458
12590
29224
16129
8578
7267
26585
15293
23445
31819
6243
11995
2594
22481
24320
21103
25824
14675
22016
14401
22744
11043
14149
11854
4326
1031
3270
29510
20028
954
12560
15116
4319
16232
8129
826
4136
24117
5644
14234
837
9655
824
9902
14773
22135
18720
17960
975
22644
19636
18290
27452
14240
22134
31784
15224
28770
17151
2713
23125
3090
888
29258
28792
3456
28193
24691
25050
11629
24269
21632
5704
26384
10083
5266
4580
21650
20575
29179
23970
23443
10576
24005
16331
10659
10583
19755
17533
201
8110
28190
5673
21504
13343
11202
9748
13237
14216
750
9431
2634
17502
9904
19167
10390
12070
29895
28909
8803
18174
14887
30871
31470
26130
18296
1221
8555
21032
21911
565
15742
27925
14868
32760
19395
13637
27570
22515
2631
5686
22251
10079
13581
2301
617
5961
4746
1217
909
29970
20521
16187
17132
6896
11975
15676
4301
10347
32568
13095
2477
2785
28353
13683
19131
22019
9115
14634
30300
27733
10615
25708
2216
30642
11764
12013
31723
12742
3371
21106
15653
31890
11812
2904
28811
19180
12125
10510
1539
22780
25418
28310
7596
13504
7376
17160
15444
5769
19401
12814
20479
2427
27011
15465
1127
25617
13633
30827
26486
4247
16569
635
24014
9646
19604
15764
26434
20171
29937
25542
13147
1208
11746
26292
1492
5650
4077
8212
27421
32714
29836
21042
15580
5540
25262
30829
30311
31419
19252
26553
22859
27130
5492
16155
25032
20132
31673
10288
2899
11470
14274
26534
25875
23008
32575
15809
30309
1303
20567
5848
29528
4102
3620
3029
16689
14096
27957
12985
19176
2544
12299
16149
9641
13361
13213
29330
1364
5558
19412
23915
253
11059
28687
28397
10093
18098
14241
22014
25503
6160
9806
12691
12612
1405
18641
4408
8512
21504
8537
17804
11819
8176
25608
194
24784
9595
883
18209
17585
22819
3364
12165
11393
20540
22043
29660
18088
31088
30536
20905
451
9532
6674
14981
16674
24176
5332
21657
24904
4786
22363
19238
3182
2811
10090
28413
24320
13337
11574
9991
23583
14124
20457
12478
12830
25129
25123
12465
20229
24665
7796
4868
17680
17115
29668
15342
32560
22814
8812
2106
17801
22888
10106
7623
4595
22866
31345
3080
13434
5706
6438
15492
18398
3599
25700
13142
30227
26424
19561
8110
3266
10670
19814
15439
25030
18221
15363
15
1968
29639
25049
7770
21060
20065
27126
22447
11001
22836
7517
6689
13693
16973
28548
29144
17455
31758
23252
18830
7331
9643
3372
31506
3105
17325
25693
12232
19494
18547
15023
4391
14049
27820
859
18745
19384
22494
14096
21279
961
6370
4207
7051
30281
28261
6286
28996
19792
24424
889
17829
2571
9153
23724
15646
6497
23704
922
4017
14447
7404
30761
14710
10500
16907
30515
31512
13861
7197
26375
10838
2186
26266
5094
21123
19231
4303
15494
9478
8068
22109
28307
14811
25229
10170
13097
8208
16578
25263
2907
15945
6881
23256
15535
828
14936
12838
28064
26166
21963
352
4635
14228
26004
20638
10242
16715
18493
24525
17324
14176
14088
16174
27746
30832
2664
14295
18660
7722
20101
1072
7138
24016
10172
22647
4227
14522
1820
15165
22242
31955
12011
11750
4236
5402
1823
9517
3331
10786
16869
20894
22078
4754
20509
14362
3367
5029
9692
6743
5660
29099
20201
12125
5486
20615
21312
11274
15333
25647
27539
7054
25401
28975
1476
2032
31387
7462
6507
29319
17194
3912
19542
7298
23678
24794
26372
8033
8481
23993
6441
21882
21265
5331
3630
4725
6207
14508
20910
11215
18195
20443
1018
20827
742
13707
24214
13756
10374
27130
2233
1773
2742
13053
15313
14009
32427
3194
14332
4931
14480
26860
2192
12160
30723
16867
6292
7096
1174
30849
5957
28168
31311
1535
11411
6883
26152
31782
32161
7564
12943
21974
328
28830
25575
6018
9364
22148
9478
16305
16197
29185
9141
1919
22608
11945
15667
29466
14940
31078
31410
12870
22597
18677
24024
20697
413
30310
32063
14144
26405
26015
28918
31480
28504
32218
3838
32534
23265
29218
30669
25791
14624
23002
29391
19376
11433
6454
6880
25272
32709
6592
23251
18489
2287
21204
14830
15019
24408
8741
30827
6425
24419
29750
31737
13218
32554
15585
3129
27641
29431
16339
24386
9701
8652
10510
30238
1985
27100
30054
18762
2813
13583
11013
17721
23708
23938
25063
5841
3508
25092
7262
18413
5105
27290
28559
11226
6675
7420
31731
7130
8299
16663
13784
932
28002
13705
32221
15842
19953
13351
2425
16561
9770
26234
7029
6693
20910
19006
3181
15554
21557
26082
9043
7172
23049
19723
15852
6360
2187
29968
18769
15904
7853
22911
2671
19763
25974
28823
13960
6747
28801
28620
23472
14678
11902
24647
6480
31189
18863
867
10407
13312
22636
1841
13636
25840
23968
2804
1420
6963
6474
29606
29498
13132
10494
4209
13274
25648
30817
3895
29006
7114
432
16651
12874
11128
24121
11957
4823
17548
9952
32050
19667
17611
9371
8753
4207
21233
20727
26775
11440
19244
9873
17660
2031
31645
16798
31276
26713
12506
20579
3495
3183
4718
21438
3106
4999
20311
12187
7684
13897
6791
2943
27625
20275
30564
769
21282
13078
22088
9804
27187
22934
257
19103
21844
21934
22354
10957
27377
7722
23409
22461
10282
9771
3719
30955
30035
17831
7475
23781
14964
29158
23559
22990
17354
17926
5130
32223
30277
23416
7988
4065
21512
29312
21749
24500
20717
27321
18094
26316
30462
2959
19509
14510
23293
7363
24662
17271
24797
20202
19789
24662
20550
29679
10573
13325
14613
1932
8956
24435
10201
2005
7669
32757
10839
7597
8005
17
9223
5455
2542
14298
29333
9927
11111
23927
25185
3702
6169
17827
29440
30097
22500
29742
27577
10914
25240
31866
16392
10758
27773
12799
17438
30317
715
10440
12639
16734
30770
1524
31459
25520
8532
8247
29173
9746
24902
28758
14999
22916
1554
20910
4092
16347
30008
4781
22797
17473
10281
21847
3301
947
30922
16323
26452
9601
15863
31899
28000
977
14333
2975
16831
9245
19743
25123
18783
32688
5650
23437
8158
7213
14977
31192
23570
29705
7561
30228
9346
12043
23102
8419
5099
10963
4133
4861
28092
21328
32696
11693
8858
19272
30437
27474
9437
25813
3471
32735
3345
27106
12811
18779
3702
13490
1444
4193
15233
6233
2328
6305
6745
6465
6425
350
2394
30118
15053
30191
29589
32282
14414
11838
21838
15875
3370
16203
4220
29720
8932
15274
4429
23271
23922
9216
17056
16722
30653
10122
21129
29453
12324
13463
18129
28961
17657
22793
24947
31341
16642
29399
21791
25632
6137
12430
18875
16960
4877
25036
12509
24614
3423
6084
27218
2303
134
5565
14491
8269
24843
4498
1387
2660
19181
17459
30250
25837
32286
18978
20596
3943
11012
21496
11931
929
3834
9950
1057
32321
24781
27924
29247
30528
3391
22125
27745
27243
17287
2256
11431
28643
20942
24761
30821
9374
20916
439
13476
25317
9417
14059
19103
19156
16660
9103
23623
6877
19856
17261
18624
22596
3754
15203
226
18340
8900
31206
11192
13673
3765
10107
6916
3669
6727
26432
4025
18428
31927
26465
20096
6471
22841
16804
1076
756
2929
11230
31333
10260
17403
30843
7129
30348
29924
26362
18694
8084
3631
17518
31897
24635
2641
23550
16371
6626
19124
14181
28582
15036
17464
12147
20476
30293
31662
19595
29041
19976
21083
30500
25908
27014
8827
30792
16810
16214
11196
18967
30443
3408
20414
14405
29507
8481
7833
20631
6066
28874
13143
9066
31853
800
24694
21549
1371
10318
11368
31202
18072
590
7699
20385
14581
23924
22865
13589
15990
22756
2928
32508
30418
24342
10163
6059
25591
28249
29648
28552
24195
12621
25712
15759
23117
26472
18866
4045
31450
7538
19368
11240
30696
13832
14040
16277
20966
16925
6332
24864
22138
10613
11330
24552
29946
9000
5709
25825
25331
32293
29235
25360
4262
14764
11837
22546
28037
28114
14378
23701
31931
1025
31148
1245
14753
16246
9450
4417
19529
5569
20732
28331
3575
22345
26226
1820
23971
10181
23501
25126
17529
18116
16899
5487
27225
10278
8448
1333
23128
23712
9248
29892
5948
19004
5814
26370
4
13526
12425
20196
1118
5793
12881
4086
10542
18592
21054
20183
23822
31533
30833
4538
7368
32374
19329
12518
26590
23291
3320
5943
1283
14865
17875
21147
5791
7778
17158
29845
32591
27754
25077
17086
5731
17148
11516
14143
11358
9147
18408
20825
24442
27553
11387
13789
16417
7035
14060
8116
17780
28779
613
8280
4552
19557
5508
12376
1828
28339
24282
4056
11204
31857
367
30479
24218
22801
28988
5832
23496
20185
24495
26850
4390
1888
30763
20688
17090
21524
27781
3097
32603
18103
20872
29400
25830
6621
19313
2109
13577
26991
2676
23307
14755
15148
5942
13848
31042
22307
28497
8400
15274
28730
29139
12210
24149
7338
7103
9426
30957
7808
5258
24661
20948
31774
2719
8440
8861
26808
24540
5257
11408
31959
9747
14444
7466
16089
27530
2584
17051
31599
22395
1943
4166
28190
5781
10
29508
14783
6009
13347
30433
12543
5949
18089
14622
28384
32236
31991
12077
16182
2820
20349
14840
22314
20983
19005
2715
23994
1708
15695
22245
17463
6651
15710
24027
28358
9779
29737
15413
11488
11160
16643
4319
466
7389
10579
29049
15677
15279
6421
11991
25495
17706
29527
27010
26280
28257
29373
30261
11790
12506
23037
4705
28602
26384
29796
26793
22641
14576
26191
25959
1099
22620
19891
23333
18231
3499
12949
30501
17782
5158
18322
1498
23579
18060
31321
1900
22930
7056
21548
5176
1557
29270
10851
4430
31800
12026
7913
13553
20831
9993
28861
23322
3650
24069
7282
10741
30576
4581
19631
1635
9673
6035
6831
22646
28419
1900
7874
8184
7718
14788
20683
22757
31760
4959
14528
12268
10226
8697
28461
1778
16336
2239
28081
18831
22789
15572
12160
4494
18621
4557
8671
7025
15481
5685
25771
2796
8846
16394
23250
32613
25254
26941
2776
30842
26174
7222
20308
2683
28966
12366
22385
25324
18949
13907
30573
7428
13010
13576
18717
26161
12636
13730
7271
29329
10179
8268
14278
16762
15612
26788
26826
12788
5457
2620
25749
26425
23263
21786
30816
32060
5654
2616
2548
3359
22077
18436
26673
443
10731
18145
27530
15388
26511
26020
26246
2051
17897
1561
26177
24674
17550
14716
17129
995
25704
15616
66
22882
12339
17995
32290
9326
5378
8183
30966
2508
2744
5650
23099
25588
3215
12959
22790
26513
24981
18964
27260
6149
13609
22490
602
3044
32643
10960
9071
372
15913
25033
16413
17203
31867
14345
27356
23633
11304
8651
22199
7474
19894
14526
10189
28653
26878
30851
5073
31951
21934
19249
21130
7897
21446
26065
24147
10302
29723
29923
1180
30438
20694
6359
18024
22766
5622
12948
2253
16677
22986
32757
5496
19345
17784
2119
27430
4584
3449
22732
24107
20503
14874
4411
2287
22718
16381
16446
3180
22962
26774
4082
8369
28794
2735
17002
30050
3794
4836
32301
25142
12075
23591
27316
26487
22825
22589
7405
32390
30244
2111
21434
14933
30119
17690
1138
14315
16884
22544
14175
24291
1151
25396
13375
29165
14958
6642
32451
28491
6431
18821
8979
16725
17058
12671
21064
16118
19003
11333
20208
31789
2273
10128
10638
27278
16833
27885
19735
18878
5820
14909
23414
26618
19685
10806
23049
12944
24836
27873
11809
5732
27670
20506
27014
12396
22474
6163
26353
20021
25349
10192
13968
15964
30303
31148
23174
28950
18597
26579
21353
26792
21333
17606
31938
31216
5924
17371
14736
23770
12411
12731
28869
3307
15350
31969
22983
31162
2788
3617
6384
1906
10185
28959
11278
24402
10975
19668
9956
4141
24209
11277
16296
32490
13311
5611
11139
9989
1917
30308
19220
11020
13587
22208
9965
13602
31999
26141
15380
10112
14382
20971
6276
7407
23751
28273
18345
14671
21152
12103
3815
18964
6087
28633
31252
14019
13562
3050
14330
16761
559
18447
18134
5989
15117
2608
28891
12617
25457
25099
6319
1020
31722
25008
21997
235
1597
17926
24994
26260
23010
28485
21200
24842
18565
10617
10990
31348
4743
17669
12901
23437
11130
32542
9493
23589
20136
14924
11982
25502
25484
1772
14295
6512
12887
31665
363
26022
26733
24094
4663
16736
27878
6926
29406
22351
1294
3884
14965
29755
18660
8059
27398
18304
26527
8656
7697
29580
15396
5459
262
28259
12689
11009
8653
12828
30646
7725
2879
15713
1942
23802
12714
25586
30699
226
12112
28451
8607
5939
20713
3674
5203
14733
29213
6034
23260
30309
10762
6107
4033
2437
18372
13271
16831
25737
7888
22590
10309
1892
9128
14939
10233
10457
22586
10381
10033
12034
2153
10951
12922
30669
22154
29456
28948
29049
6120
7683
26995
798
321
17233
5568
17698
9031
22074
18518
2501
14112
22040
24646
13718
15078
20180
19924
26619
24103
10606
26360
29613
15974
19578
3037
10042
29593
3229
7013
25985
27817
27924
14243
3641
7157
12334
23136
13931
29647
14285
14743
12531
13053
13801
31737
26371
313
11532
15721
160
23474
16599
25472
23844
20873
22140
16907
23482
4180
1346
3976
29668
16543
22276
10669
7672
12902
22706
10721
2975
22940
31438
18881
12373
6823
16881
6044
6636
26338
18244
31479
6409
10521
2311
2314
14757
529
2829
10561
2957
21757
18237
2492
15075
9226
28179
25552
30875
15572
30494
4227
13054
13551
383
27924
7722
13919
1136
3953
3216
7200
20411
19134
6005
24222
23614
981
6002
20542
27758
21953
27892
10708
31953
1601
6332
26410
1154
19019
9312
29568
1456
23175
23241
9734
28192
22480
20659
3684
18343
32695
15663
4403
14513
12543
8740
21633
21693
16417
17610
31824
15582
7113
30254
14103
4155
16728
11185
6720
11407
353
26505
20137
16043
5164
28990
3363
8943
32309
24110
27382
5589
17582
27146
30299
13414
29177
8023
8960
19650
27183
20461
1672
32413
3996
23931
25864
11196
14144
20993
3467
14460
27983
18517
1679
7244
2482
9375
2694
16942
5252
7389
21590
14650
31382
4448
15321
13595
4588
13644
8797
24207
28221
1820
12069
29675
1399
6428
23526
14741
9273
10733
20811
14985
12887
3332
4978
22740
18265
25387
32365
11804
3836
8959
4802
15382
32176
29041
4588
27918
21784
19013
27351
25699
30861
30870
30311
7945
4508
24399
1010
25605
1155
4531
13761
1268
13496
15319
11667
28292
6498
23331
2330
2297
8669
18132
11900
26794
27195
2173
26836
20097
16318
1153
21678
30847
30047
29339
7311
16950
2122
9814
1386
5452
5215
10133
19244
10751
6322
6924
19761
6043
3084
31429
2764
13574
16744
7837
28612
18741
7287
5316
28881
2996
5661
19009
30755
29986
4337
875
8667
24498
32193
9328
18576
30635
20491
18898
25036
31721
17029
12517
10892
20058
27543
28755
9156
21633
8668
153
24280
10231
12452
5255
6692
5861
23669
16835
11637
29836
14213
31046
18061
14781
17985
20446
30115
30049
29641
5803
2529
3314
22130
17314
15845
19711
17475
10764
13376
18860
14201
776
17402
3888
771
17925
5388
8790
22278
20809
3300
20733
5466
25197
2788
21144
30219
24287
29924
14510
31705
27742
5035
12122
14520
22913
16250
3532
25169
22065
23682
14023
13951
31786
10089
18721
12243
10110
20937
8262
2576
7954
28336
9397
5808
3359
12065
27778
24926
18355
28305
11218
9337
26925
3947
30050
3479
14532
10125
19200
20992
25345
31945
32272
4910
576
20837
24585
4948
30515
155
17141
14804
4447
27417
18933
26567
1949
13186
2491
7290
16538
19180
30990
27115
27479
19808
12617
14672
26538
11869
32476
24464
32443
13653
16841
455
27529
18990
7720
18886
13154
4547
31908
27281
20078
23136
23292
29920
8229
22601
27779
31647
16340
12852
2720
2158
4381
24010
30031
24609
11379
19499
25502
5953
6050
26215
25649
30345
20037
23045
3518
12138
6733
13695
32658
24712
15489
21700
12810
27194
25849
7606
5915
4878
31650
3241
2762
31810
14525
4330
5044
26188
3424
14645
29576
17748
23539
12350
1928
9652
180
2345
30988
24703
10804
23570
15871
8183
471
12934
26976
13333
9304
17415
19394
14086
27203
652
25548
424
121
30463
7865
28689
20656
28093
26841
30215
14832
29466
3599
905
6423
8154
27217
14661
8533
13753
27179
27936
1201
3044
23356
32434
27778
19326
3256
31687
16887
31772
16356
5343
18064
24649
26781
25006
31907
8706
15825
30109
24536
20283
6660
17479
28076
9817
11213
22013
32242
12982
30295
19522
27469
14624
8672
13904
3000
29786
7229
13713
30975
8601
2388
29223
10563
23816
928
24421
22393
20037
11441
20563
15339
9442
3497
23598
5301
25828
18369
4837
32330
839
5314
413
7149
21113
6028
1839
4153
16091
31890
30885
17817
23363
27227
5568
1744
15740
16899
19829
26482
10948
12216
21099
31849
5197
2878
32638
25714
25533
2155
3135
8349
6063
14252
4466
15568
12335
22142
23951
18501
27457
28662
6466
7687
20827
19769
15339
32121
4582
13828
20510
29391
12225
294
2083
3987
32190
29953
8824
29473
27428
30733
7754
9004
8235
4437
16384
13367
27267
14584
26032
16924
31181
30889
11176
14472
27680
23599
24806
27517
10885
12773
19360
32719
5499
6971
15806
9128
373
27956
31066
5892
855
24806
25927
1077
3325
5118
4487
10336
22963
22841
3027
19455
10942
22763
1047
2909
21458
380
16627
28444
6041
18406
25660
21682
21555
14392
32633
9960
32688
22038
30822
26202
29848
19767
15732
506
3683
29157
19015
32653
5633
4481
31799
29740
32340
4861
14032
19653
28849
26464
22610
26263
10595
19013
32305
30649
9255
21084
6549
18323
6321
20967
21468
14180
18214
1854
17171
6843
5280
7500
28289
24573
30637
31760
8988
2277
13519
26910
6162
29440
27390
30747
25409
28717
28706
19268
15807
12067
32153
9191
6227
29674
11447
17128
32762
8288
17217
6461
21091
3254
20465
18547
17012
12273
5877
29479
11459
6250
20080
23950
15389
13390
10999
24045
24066
27166
15382
7458
1831
304
6345
10009
18418
23084
23554
19287
12546
30608
28969
19827
1957
22061
12440
26008
19040
5543
19483
4357
1386
28921
2934
12941
30513
1775
22751
791
1236
29354
7551
21023
32423
13344
28149
5683
13491
26777
1747
19830
23347
21299
6431
11809
16152
13663
26323
9981
19077
30561
12126
12266
22867
8404
27681
27228
23951
8484
23795
4568
21495
26642
25757
15483
2177
20020
13663
27508
10964
19826
19817
27525
13005
2441
17250
1414
5371
10380
25317
32481
18212
31583
6398
27159
5310
30266
12466
18234
17270
31020
24436
29809
1964
26773
8625
28279
18676
5546
26437
24860
13975
30453
4100
1986
11281
12499
14386
24033
26001
28149
21771
8068
1147
2015
8508
6603
25577
32619
22887
19303
15654
17735
18595
21792
7218
21107
9466
14930
9281
4292
15338
29035
9275
4964
28388
17519
31549
8016
32720
373
19735
984
11655
31527
1741
17187
8279
22854
13078
2728
9858
14627
7903
31669
16575
7719
19913
17388
32440
12876
16039
1474
11147
22178
1
4350
19018
971
5267
27456
25210
31359
10191
10359
7319
17417
4695
4969
11919
712
11908
9776
6210
4783
31970
21175
12297
31173
6321
6977
32556
10405
31845
31458
28266
2816
5671
7684
17012
26646
11347
27363
26738
4929
4600
23057
4734
27754
11098
7924
9252
12433
17011
8259
28392
6730
11118
16524
16063
21050
14635
30385
13973
12190
446
13926
31942
18629
29423
10421
14245
21393
14011
13434
23032
22010
26578
22247
16249
9866
5655
19457
6486
15586
6948
1825
10931
21044
16067
31604
21795
20935
11125
13436
30003
6518
13039
16013
3807
2609
25240
24400
18970
26746
26637
7748
16202
3306
17821
7480
5065
25770
22221
16594
26214
16890
9429
10507
3042
31917
2849
31152
7028
25259
11217
29410
19270
30829
13370
22935
7413
2437
29027
12312
23060
2323
13448
16001
24746
16977
1946
27460
16303
22793
12733
25510
9107
6681
3016
5183
4792
7158
9417
29054
31219
12070
13951
4132
2318
7876
27102
3525
24393
16639
27534
18762
2004
22428
20588
27505
18007
16496
18952
16203
13162
30183
11045
23229
10526
24448
15420
5887
32626
29262
24570
22816
6366
8568
1981
10881
16076
7865
30747
8533
19994
27362
23899
6440
13209
13907
12282
15189
14481
4486
26919
22413
7995
28036
1863
3159
3909
27757
25202
16267
21074
501
20724
26326
24695
25569
7117
8249
15551
19086
17201
6793
8616
363
4873
19953
32164
18298
1904
1131
16280
32723
311
12875
29536
12833
19042
7861
11850
23330
27305
23585
19351
3371
19447
4318
30973
24738
12014
3980
4903
13443
28513
16289
21043
16091
6360
21989
17971
27984
19216
23798
9133
5527
28281
3524
24603
30204
14518
30742
7788
1502
289
31491
27521
5681
25924
3450
19120
16890
15712
22203
4677
11990
24810
5851
6140
7539
15113
24388
11656
18965
12058
6963
27919
7443
19756
26680
21931
11095
22148
16058
14315
1762
4634
27248
29264
24390
28954
21225
32209
29225
868
5125
19031
19401
15372
26233
27458
22386
1499
22607
5090
16394
10188
21859
25598
8326
31120
32744
1105
1138
26635
22753
4872
14445
18900
14504
24645
27306
953
5995
31391
7024
32057
9642
2975
23963
25864
13498
1093
26393
17806
28485
6529
29037
26984
25031
4283
27184
4070
21267
23627
29579
29067
27852
2049
13503
5264
13292
30111
31389
29025
20800
26970
10254
26399
10730
26205
30348
28
18398
23365
1702
1634
4710
7846
16512
26669
22174
15236
1105
27756
8185
3547
10980
14148
24762
12056
22040
7821
27259
12958
4448
20051
13993
12866
16963
15702
32518
10959
26844
29066
9766
10371
12379
5272
28658
17296
20355
22619
2601
27803
14634
11108
25818
2368
7356
15735
23275
24717
14008
21515
10901
22403
28978
28366
15845
32152
21583
15391
17213
26935
18124
23954
5585
25662
7799
31855
30250
26751
180
11827
4774
27712
4858
10509
24566
32443
31572
18531
16799
13470
12512
24907
634
25740
7251
26386
7476
13211
2163
24504
21711
29140
25243
10354
7455
18102
19259
2599
21325
11699
30293
7668
18007
17073
23553
424
3982
24202
14570
23624
15127
909
24271
12939
16491
6651
21763
2911
19159
31883
18669
25699
20988
21734
20105
30316
592
18475
28901
18944
30107
29549
4773
7134
15227
14384
7808
4467
12769
22767
1984
15718
11666
26009
6853
29709
29350
30735
7555
28662
32012
16552
16383
18016
6405
25262
23767
11199
19364
8414
2487
2107
2901
23019
30692
23601
18515
21756
9397
29872
17711
24105
23061
28670
16208
13058
32515
4625
26478
16137
14354
26902
10773
10291
22505
16877
18473
11114
8131
27819
16220
18702
20464
20759
697
16751
2131
21293
797
24917
30946
1950
1977
7801
25129
14414
22161
1033
26055
14549
11520
28455
9968
2815
2098
7019
15081
21324
15784
32604
27023
7536
25527
30971
15825
28884
2569
19001
26161
13587
16923
25979
25926
26238
30653
2589
4669
6808
6550
12525
26963
21659
4509
18603
11357
10737
3489
17040
21313
14012
6082
28356
19578
25167
32501
10469
3480
29618
3972
21639
29630
30242
7052
10671
29730
28047
21373
20823
7312
23324
28318
20974
25575
4514
9094
19413
19098
23085
28836
1506
19248
26749
13496
18912
6853
8071
5975
4365
14727
9714
16747
155
21306
19098
26032
13872
28596
14608
6457
25702
29538
32280
31721
16204
28609
23594
12538
14563
17382
28658
10106
3490
3318
9424
13001
8434
26286
31064
29468
10674
31709
5075
3580
11956
26341
9916
14024
21310
25150
9540
1839
29579
18675
18382
10167
4423
26403
24692
18490
4119
6785
32640
26723
16910
17108
26612
28725
17465
631
21507
6276
11028
20186
2453
9081
32530
20736
