6
19
23
33
38
49
59
61
66
71
73
74
74
78
79
89
90
101
102
107
109
111
112
115
118
127
128
130
151
154
156
158
169
170
174
182
194
197
207
215
229
230
236
240
251
252
256
266
278
285
288
289
295
299
306
312
315
315
318
318
333
365
370
373
374
381
387
387
395
397
397
418
423
433
433
444
447
458
460
461
466
475
478
479
485
492
510
513
537
540
543
549
552
555
561
566
568
570
573
573
576
586
588
599
602
607
607
607
609
610
612
613
620
622
636
663
666
667
670
673
674
682
684
685
691
693
698
703
710
717
721
725
727
730
741
744
748
748
763
766
771
775
784
802
803
803
812
822
831
831
838
840
842
852
866
874
876
878
887
887
890
891
894
898
903
908
912
912
931
939
941
959
961
964
966
973
976
982
992
993
1003
1014
1019
1024
1041
1056
1057
1061
1064
1064
1064
1078
1090
1098
1109
1120
1121
1126
1133
1136
1136
1148
1149
1152
1153
1153
1153
1154
1155
1158
1161
1161
1163
1169
1179
1181
1189
1199
1206
1212
1213
1218
1221
1223
1255
1261
1267
1269
1269
1270
1285
1288
1302
1303
1304
1311
1314
1315
1317
1319
1323
1326
1340
1346
1362
1368
1369
1370
1372
1376
1377
1383
1385
1387
1402
1403
1405
1418
1429
1434
1445
1445
1448
1456
1460
1469
1472
1477
1479
1480
1480
1483
1484
1503
1514
1517
1524
1529
1542
1563
1571
1582
1585
1587
1592
1601
1606
1609
1615
1619
1620
1632
1632
1655
1656
1661
1669
1680
1694
1694
1695
1707
1707
1710
1716
1732
1738
1739
1749
1753
1761
1765
1783
1788
1792
1798
1804
1808
1817
1827
1832
1845
1848
1848
1850
1855
1859
1863
1864
1876
1877
1879
1885
1889
1914
1915
1917
1925
1932
1933
1951
1962
1967
1968
1973
1984
2002
2023
2026
2042
2046
2053
2062
2063
2066
2069
2075
2080
2091
2092
2098
2100
2101
2115
2116
2118
2130
2159
2161
2164
2171
2190
2191
2197
2213
2219
2224
2228
2240
2252
2255
2271
2275
2285
2287
2291
2294
2294
2316
2321
2323
2325
2348
2355
2365
2386
2386
2390
2392
2394
2397
2398
2398
2416
2417
2419
2430
2433
2436
2439
2441
2443
2452
2460
2462
2479
2482
2486
2490
2493
2506
2534
2545
2545
2555
2555
2556
2565
2566
2571
2577
2583
2585
2590
2594
2595
2595
2596
2600
2605
2609
2614
2615
2616
2623
2624
2625
2625
2628
2646
2650
2652
2658
2663
2665
2666
2671
2674
2689
2690
2693
2694
2698
2706
2715
2716
2727
2730
2736
2738
2745
2747
2767
2770
2771
2771
2779
2779
2780
2781
2794
2794
2802
2806
2809
2810
2811
2817
2818
2822
2825
2826
2829
2829
2832
2833
2840
2851
2851
2851
2851
2862
2877
2878
2884
2896
2908
2911
2912
2912
2918
2949
2949
2957
2961
2961
2964
2965
2970
2973
2976
2982
2982
2983
2986
2996
3000
3006
3014
3017
3017
3022
3041
3045
3047
3056
3060
3074
3076
3078
3080
3090
3099
3104
3107
3116
3116
3118
3135
3137
3140
3146
3147
3156
3162
3164
3188
3191
3195
3202
3203
3204
3208
3210
3211
3214
3219
3231
3233
3238
3239
3247
3249
3259
3260
3263
3268
3274
3280
3283
3284
3303
3306
3316
3324
3324
3331
3340
3345
3346
3359
3361
3369
3372
3377
3379
3380
3388
3389
3415
3416
3433
3443
3455
3458
3461
3466
3467
3468
3478
3489
3503
3520
3528
3534
3535
3536
3541
3561
3569
3570
3570
3573
3576
3578
3611
3611
3612
3617
3622
3627
3648
3660
3661
3661
3674
3680
3682
3700
3707
3713
3720
3726
3727
3729
3732
3733
3735
3736
3739
3744
3756
3756
3756
3760
3761
3763
3765
3772
3773
3773
3778
3780
3788
3789
3789
3790
3792
3792
3806
3811
3828
3834
3834
3842
3845
3848
3853
3857
3863
3878
3892
3905
3917
3922
3924
3948
3948
3954
3958
3964
3978
3985
3985
3986
4003
4019
4020
4025
4026
4028
4035
4039
4046
4051
4056
4058
4060
4084
4085
4101
4104
4104
4106
4121
4124
4131
4131
4137
4139
4150
4151
4153
4160
4160
4163
4174
4177
4184
4191
4195
4200
4202
4202
4219
4224
4226
4233
4236
4241
4243
4246
4248
4254
4262
4263
4267
4270
4287
4287
4288
4290
4293
4314
4332
4337
4345
4346
4359
4375
4376
4382
4384
4389
4395
4401
4406
4428
4431
4436
4438
4439
4442
4450
4453
4455
4455
4460
4465
4471
4492
4493
4501
4503
4509
4515
4537
4549
4552
4559
4568
4569
4577
4588
4588
4601
4605
4607
4614
4619
4623
4648
4654
4659
4687
4692
4693
4694
4694
4695
4697
4720
4724
4724
4726
4740
4740
4741
4746
4759
4760
4770
4770
4771
4775
4776
4777
4784
4798
4798
4805
4813
4822
4825
4826
4836
4838
4842
4848
4870
4876
4881
4897
4900
4913
4914
4936
4937
4939
4941
4950
4953
4964
4967
4967
4968
4969
4970
4975
4979
4985
4986
4990
4994
5008
5015
5015
5020
5024
5025
5025
5029
5041
5048
5053
5055
5055
5056
5071
5074
5075
5077
5090
5091
5100
5113
5117
5119
5134
5136
5137
5140
5145
5150
5153
5156
5164
5169
5171
5173
5176
5178
5181
5190
5191
5201
5204
5215
5225
5225
5230
5230
5241
5242
5242
5247
5248
5251
5253
5256
5264
5267
5267
5269
5272
5273
5279
5289
5293
5307
5325
5333
5334
5346
5347
5349
5356
5357
5359
5361
5364
5376
5381
5382
5385
5389
5393
5399
5411
5412
5423
5427
5437
5443
5452
5461
5463
5467
5471
5471
5475
5488
5493
5500
5507
5508
5508
5511
5516
5517
5518
5521
5521
5526
5528
5529
5531
5535
5539
5540
5541
5548
5553
5554
5556
5558
5560
5565
5566
5574
5590
5598
5599
5600
5608
5618
5624
5635
5643
5646
5661
5663
5667
5669
5670
5672
5678
5680
5683
5688
5692
5697
5698
5709
5713
5730
5731
5732
5739
5742
5745
5751
5751
5756
5761
5765
5778
5779
5783
5785
5786
5786
5789
5795
5799
5802
5803
5807
5809
5826
5832
5832
5842
5846
5847
5869
5872
5891
5893
5895
5898
5900
5901
5903
5905
5906
5911
5912
5915
5918
5918
5928
5928
5930
5932
5934
5939
5946
5950
5965
5973
5974
5975
5977
5978
5981
5986
5992
5995
5995
6013
6029
6034
6051
6058
6067
6070
6080
6080
6092
6094
6100
6103
6103
6110
6114
6116
6120
6132
6138
6140
6141
6148
6153
6155
6158
6162
6163
6164
6165
6173
6180
6188
6190
6193
6193
6195
6198
6208
6213
6218
6221
6221
6226
6248
6252
6254
6259
6263
6270
6276
6286
6288
6292
6296
6298
6312
6336
6340
6342
6350
6358
6364
6371
6380
6381
6388
6389
6389
6392
6404
6427
6439
6441
6463
6463
6480
6493
6500
6507
6510
6512
6522
6534
6536
6547
6562
6564
6564
6569
6579
6582
6598
6602
6603
6612
6616
6620
6623
6633
6635
6650
6652
6652
6654
6660
6669
6678
6681
6689
6693
6693
6698
6699
6702
6703
6708
6717
6746
6757
6761
6766
6771
6772
6774
6780
6791
6794
6796
6799
6803
6813
6818
6818
6826
6831
6838
6848
6850
6859
6861
6861
6862
6867
6871
6872
6878
6887
6887
6888
6893
6900
6901
6906
6908
6910
6923
6929
6932
6938
6953
6957
6963
6967
6968
6968
6979
6979
6985
6989
6994
6995
7001
7003
7015
7016
7023
7030
7033
7034
7050
7054
7063
7074
7081
7088
7100
7107
7109
7130
7132
7141
7148
7152
7158
7159
7187
7189
7190
7196
7197
7199
7201
7202
7210
7213
7221
7225
7226
7229
7237
7238
7238
7249
7251
7255
7257
7262
7271
7271
7271
7272
7272
7280
7282
7287
7295
7296
7300
7306
7306
7309
7309
7318
7318
7319
7332
7339
7341
7345
7347
7383
7384
7387
7391
7395
7397
7403
7415
7438
7440
7442
7446
7447
7450
7460
7488
7498
7501
7511
7529
7533
7536
7537
7538
7540
7541
7542
7548
7555
7555
7564
7566
7566
7575
7576
7586
7587
7588
7598
7600
7611
7612
7623
7631
7636
7646
7650
7655
7657
7666
7670
7687
7690
7690
7691
7692
7704
7707
7708
7709
7720
7740
7746
7762
7781
7787
7793
7797
7805
7807
7808
7814
7822
7832
7833
7847
7848
7852
7855
7857
7859
7865
7870
7875
7883
7891
7894
7895
7897
7897
7902
7905
7905
7906
7912
7915
7930
7934
7938
7946
7951
7974
7976
7976
7978
7981
7987
7992
7992
7998
7999
8000
8004
8007
8018
8019
8025
8034
8043
8050
8053
8058
8059
8062
8067
8069
8078
8083
8089
8090
8091
8092
8093
8094
8099
8102
8103
8105
8110
8135
8141
8152
8153
8168
8182
8188
8191
8192
8201
8209
8212
8215
8216
8217
8225
8231
8231
8233
8236
8249
8250
8251
8260
8263
8273
8294
8307
8311
8314
8316
8322
8324
8331
8342
8342
8347
8348
8349
8354
8371
8372
8377
8378
8381
8393
8395
8395
8396
8397
8402
8419
8420
8425
8426
8427
8433
8433
8453
8470
8474
8474
8475
8486
8487
8501
8503
8508
8514
8528
8546
8547
8560
8566
8568
8578
8583
8588
8589
8589
8595
8596
8605
8614
8616
8629
8637
8640
8645
8649
8654
8661
8661
8663
8664
8669
8678
8679
8682
8691
8694
8696
8697
8702
8702
8712
8724
8727
8728
8736
8739
8741
8743
8756
8757
8761
8765
8800
8803
8807
8821
8826
8828
8834
8837
8842
8846
8857
8871
8879
8879
8885
8921
8922
8923
8923
8928
8938
8938
8944
8945
8952
8953
8955
8956
8958
8959
8972
8978
8982
8988
8988
8989
8989
8999
9029
9032
9035
9039
9050
9067
9071
9076
9084
9085
9088
9091
9103
9120
9121
9123
9125
9128
9153
9158
9159
9160
9160
9161
9168
9174
9176
9186
9188
9188
9200
9208
9211
9216
9218
9221
9231
9242
9245
9248
9252
9253
9258
9261
9272
9277
9278
9297
9299
9299
9300
9303
9307
9307
9312
9324
9330
9337
9338
9339
9352
9354
9355
9357
9361
9373
9381
9393
9396
9399
9404
9405
9407
9408
9412
9416
9421
9426
9426
9430
9449
9452
9453
9457
9459
9471
9480
9489
9491
9493
9497
9504
9514
9520
9521
9522
9527
9531
9532
9534
9534
9537
9537
9537
9542
9547
9555
9558
9565
9575
9578
9579
9583
9583
9593
9597
9599
9599
9605
9636
9639
9658
9660
9669
9670
9676
9687
9694
9697
9700
9706
9709
9720
9733
9738
9765
9766
9766
9770
9770
9782
9782
9787
9788
9796
9797
9799
9801
9801
9819
9822
9829
9837
9839
9839
9844
9846
9852
9857
9859
9860
9864
9866
9878
9884
9888
9889
9889
9889
9891
9892
9898
9900
9913
9918
9923
9931
9933
9936
9959
9960
9965
9966
9966
9978
9981
9982
9986
9989
9995
10001
10005
10017
10018
10018
10019
10020
10024
10029
10048
10051
10078
10081
10083
10088
10105
10112
10118
10136
10139
10142
10163
10173
10182
10185
10194
10195
10201
10205
10206
10213
10216
10219
10221
10223
10233
10237
10239
10243
10244
10255
10256
10265
10273
10285
10291
10297
10300
10301
10303
10309
10313
10319
10321
10326
10334
10336
10347
10352
10353
10353
10356
10361
10366
10371
10373
10379
10387
10390
10391
10392
10394
10395
10407
10419
10422
10433
10437
10461
10463
10466
10485
10493
10496
10496
10502
10502
10503
10516
10534
10536
10543
10548
10551
10552
10555
10565
10570
10572
10577
10587
10597
10598
10602
10610
10619
10621
10632
10632
10637
10640
10642
10651
10657
10667
10670
10673
10683
10685
10688
10692
10695
10695
10696
10700
10701
10702
10708
10711
10723
10726
10726
10728
10737
10738
10739
10747
10748
10748
10750
10760
10765
10766
10768
10768
10769
10772
10774
10775
10786
10789
10795
10826
10830
10832
10841
10843
10857
10858
10859
10861
10863
10863
10866
10867
10877
10884
10884
10891
10895
10901
10903
10910
10931
10935
10941
10947
10957
10962
10969
10977
10978
10986
10990
10990
10991
10996
10998
11001
11006
11008
11009
11012
11015
11017
11017
11025
11034
11047
11056
11064
11064
11078
11078
11085
11098
11107
11111
11112
11113
11114
11116
11118
11124
11131
11140
11140
11145
11152
11155
11156
11159
11161
11168
11170
11181
11182
11191
11192
11203
11218
11243
11248
11251
11262
11271
11271
11275
11280
11286
11298
11299
11300
11307
11309
11310
11310
11320
11321
11325
11328
11330
11335
11340
11343
11345
11346
11358
11360
11362
11380
11404
11404
11410
11418
11423
11424
11426
11430
11432
11435
11446
11446
11447
11458
11464
11467
11485
11490
11491
11498
11498
11499
11503
11505
11507
11533
11535
11536
11539
11559
11559
11565
11577
11579
11580
11583
11601
11609
11615
11617
11617
11639
11642
11646
11651
11659
11663
11667
11673
11680
11712
11721
11726
11734
11734
11736
11736
11737
11740
11746
11748
11751
11767
11768
11779
11785
11789
11798
11800
11800
11802
11812
11830
11835
11840
11841
11842
11844
11856
11859
11862
11863
11868
11869
11886
11887
11888
11905
11906
11912
11912
11919
11923
11924
11929
11931
11931
11932
11938
11939
11955
11955
11960
11961
11977
11980
11980
11981
11983
11983
11985
11986
11991
11993
11997
11998
12003
12004
12031
12037
12039
12039
12042
12045
12054
12062
12068
12070
12079
12085
12095
12112
12124
12139
12153
12154
12156
12165
12167
12167
12169
12180
12181
12185
12187
12202
12217
12218
12230
12238
12242
12243
12247
12257
12263
12266
12266
12267
12283
12286
12293
12296
12303
12326
12334
12335
12335
12338
12341
12354
12365
12365
12373
12377
12384
12388
12391
12396
12397
12403
12424
12426
12433
12433
12433
12434
12444
12447
12455
12460
12468
12482
12485
12490
12510
12512
12518
12521
12526
12528
12535
12551
12558
12572
12579
12580
12586
12602
12612
12613
12613
12619
12620
12628
12631
12633
12646
12646
12649
12655
12658
12658
12685
12696
12701
12703
12708
12711
12715
12716
12722
12728
12733
12736
12742
12742
12753
12786
12798
12800
12806
12812
12812
12818
12828
12840
12841
12843
12843
12853
12855
12856
12858
12860
12865
12888
12889
12891
12892
12901
12904
12910
12914
12917
12922
12925
12935
12940
12943
12944
12948
12952
12953
12956
12959
12961
12964
12974
12980
12986
12992
12993
12995
13004
13005
13006
13033
13033
13034
13041
13047
13055
13068
13069
13070
13071
13072
13077
13082
13090
13099
13103
13103
13105
13113
13116
13116
13116
13122
13123
13123
13128
13132
13133
13141
13152
13160
13177
13180
13190
13194
13197
13199
13199
13200
13203
13216
13224
13231
13233
13233
13250
13255
13255
13258
13259
13261
13271
13279
13283
13289
13290
13293
13294
13301
13301
13304
13304
13309
13311
13331
13336
13339
13340
13342
13353
13353
13353
13356
13361
13369
13373
13382
13389
13398
13403
13415
13415
13424
13426
13429
13432
13445
13446
13449
13461
13462
13475
13487
13488
13489
13491
13494
13499
13500
13504
13505
13512
13518
13526
13532
13544
13545
13547
13550
13570
13571
13574
13578
13579
13591
13606
13606
13611
13612
13619
13622
13627
13648
13654
13662
13666
13671
13673
13689
13691
13695
13701
13701
13703
13714
13741
13742
13750
13757
13757
13762
13764
13765
13775
13776
13776
13777
13784
13786
13789
13793
13796
13798
13803
13805
13811
13812
13824
13828
13858
13859
13868
13878
13878
13880
13885
13895
13900
13903
13905
13913
13917
13917
13925
13927
13929
13933
13941
13955
13974
13975
13978
13993
13995
13997
13999
14004
14012
14017
14018
14020
14020
14021
14022
14023
14030
14037
14038
14041
14049
14050
14052
14056
14061
14062
14072
14073
14074
14080
14090
14095
14112
14114
14115
14120
14123
14133
14135
14135
14149
14149
14152
14153
14155
14156
14158
14161
14162
14173
14179
14183
14185
14192
14201
14206
14207
14208
14209
14213
14232
14239
14240
14240
14249
14255
14257
14258
14269
14277
14285
14316
14319
14324
14341
14354
14356
14360
14361
14367
14376
14379
14397
14404
14405
14419
14427
14446
14447
14449
14449
14454
14457
14462
14465
14466
14470
14473
14476
14493
14502
14504
14506
14509
14513
14514
14517
14521
14528
14543
14545
14561
14566
14572
14581
14591
14602
14612
14614
14624
14629
14629
14631
14644
14647
14649
14649
14666
14668
14678
14688
14693
14695
14697
14701
14716
14720
14733
14742
14748
14749
14750
14751
14770
14773
14781
14782
14785
14790
14801
14801
14810
14811
14819
14821
14837
14840
14841
14846
14848
14852
14854
14866
14880
14883
14889
14889
14892
14906
14911
14912
14914
14916
14919
14921
14927
14927
14931
14933
14940
14944
14953
14955
14956
14967
14979
14982
14982
14985
14986
15005
15009
15011
15012
15014
15021
15025
15026
15048
15054
15058
15065
15068
15070
15072
15073
15082
15083
15086
15086
15098
15102
15105
15110
15115
15116
15116
15117
15121
15138
15146
15149
15168
15170
15203
15204
15211
15214
15216
15221
15221
15222
15240
15251
15272
15277
15280
15287
15287
15289
15308
15312
15318
15322
15327
15327
15338
15341
15343
15347
15349
15355
15363
15368
15375
15376
15377
15381
15389
15389
15395
15396
15398
15406
15410
15416
15421
15429
15431
15436
15438
15446
15449
15450
15452
15457
15462
15468
15470
15477
15479
15483
15483
15488
15495
15495
15497
15499
15502
15506
15507
15510
15512
15515
15531
15534
15539
15547
15548
15550
15554
15563
15570
15572
15574
15576
15583
15588
15589
15592
15594
15595
15599
15604
15613
15613
15617
15627
15629
15634
15640
15645
15647
15652
15655
15661
15664
15668
15669
15706
15707
15713
15715
15723
15736
15740
15743
15747
15752
15753
15754
15763
15765
15766
15768
15768
15769
15771
15778
15791
15795
15796
15798
15799
15804
15809
15809
15812
15815
15819
15826
15830
15832
15833
15845
15852
15871
15873
15882
15889
15893
15896
15911
15921
15921
15932
15940
15943
15951
15962
15963
15967
15969
15973
15988
15991
16000
16029
16035
16035
16041
16043
16044
16047
16050
16054
16059
16065
16068
16070
16071
16074
16075
16077
16078
16088
16095
16097
16109
16112
16128
16134
16135
16137
16159
16159
16163
16166
16176
16196
16206
16207
16213
16221
16222
16228
16228
16241
16241
16242
16248
16248
16252
16255
16256
16256
16262
16273
16281
16282
16297
16312
16313
16314
16324
16326
16329
16334
16337
16339
16350
16361
16367
16368
16376
16386
16386
16389
16390
16394
16417
16423
16436
16440
16449
16450
16461
16463
16467
16485
16488
16533
16536
16558
16568
16570
16579
16587
16595
16598
16607
16611
16613
16614
16614
16618
16620
16626
16629
16634
16658
16672
16674
16680
16680
16683
16726
16728
16730
16735
16750
16753
16755
16759
16765
16768
16769
16786
16787
16790
16790
16793
16793
16794
16806
16807
16826
16828
16835
16836
16843
16846
16862
16886
16888
16891
16895
16896
16917
16927
16940
16940
16957
16960
16960
16961
16964
16970
16971
16972
16975
16976
16979
16989
16990
16993
16993
17002
17005
17010
17020
17020
17021
17027
17027
17033
17045
17046
17047
17047
17049
17059
17062
17067
17070
17081
17084
17092
17097
17097
17102
17105
17106
17110
17111
17114
17125
17137
17144
17155
17158
17161
17164
17169
17177
17179
17188
17188
17192
17200
17201
17204
17205
17208
17221
17221
17225
17231
17239
17248
17248
17250
17251
17252
17253
17262
17263
17265
17266
17269
17274
17275
17277
17280
17293
17293
17297
17299
17309
17310
17326
17328
17355
17356
17360
17361
17365
17370
17372
17373
17373
17374
17376
17380
17383
17386
17387
17395
17397
17404
17405
17425
17427
17434
17442
17455
17468
17470
17473
17476
17487
17494
17501
17505
17516
17517
17521
17522
17523
17527
17529
17532
17535
17536
17540
17543
17550
17553
17556
17561
17569
17575
17587
17596
17599
17609
17612
17634
17643
17645
17656
17667
17672
17673
17674
17675
17677
17683
17684
17684
17686
17692
17693
17695
17702
17702
17705
17709
17710
17710
17722
17725
17726
17738
17754
17768
17770
17774
17779
17780
17783
17786
17789
17798
17799
17799
17810
17813
17833
17841
17874
17896
17907
17909
17929
17932
17937
17939
17942
17951
17956
17958
17966
17976
17978
17979
17980
17989
17993
17999
17999
18017
18017
18018
18019
18028
18029
18035
18051
18055
18055
18069
18069
18074
18074
18075
18077
18079
18081
18081
18088
18097
18103
18112
18113
18114
18118
18121
18141
18148
18162
18167
18169
18178
18178
18179
18182
18192
18193
18203
18210
18211
18216
18227
18228
18230
18234
18240
18261
18270
18270
18279
18280
18281
18282
18283
18285
18288
18298
18301
18304
18305
18323
18328
18329
18331
18332
18339
18341
18341
18352
18353
18361
18370
18374
18378
18399
18401
18406
18407
18411
18429
18437
18449
18450
18453
18459
18467
18468
18471
18473
18475
18480
18488
18490
18493
18494
18499
18523
18528
18529
18548
18551
18552
18559
18564
18573
18578
18582
18589
18595
18601
18610
18617
18623
18625
18625
18625
18631
18632
18635
18641
18647
18655
18658
18676
18681
18684
18689
18690
18692
18703
18712
18720
18725
18730
18731
18737
18741
18745
18757
18763
18765
18768
18770
18781
18783
18784
18790
18799
18799
18816
18826
18830
18833
18837
18848
18849
18861
18863
18879
18880
18893
18906
18910
18912
18914
18915
18918
18923
18931
18947
18950
18952
18967
18970
18974
18977
18991
18996
18998
19001
19009
19019
19019
19020
19023
19024
19038
19039
19052
19062
19066
19067
19069
19071
19073
19084
19086
19086
19092
19093
19094
19097
19102
19104
19108
19122
19122
19133
19141
19145
19150
19153
19166
19167
19174
19178
19181
19187
19205
19222
19225
19227
19233
19238
19242
19243
19252
19254
19260
19262
19269
19269
19272
19275
19279
19279
19283
19287
19293
19294
19311
19321
19321
19329
19331
19333
19341
19352
19357
19360
19366
19372
19374
19381
19384
19385
19385
19387
19397
19398
19423
19429
19430
19431
19437
19438
19466
19473
19477
19477
19483
19488
19492
19507
19512
19516
19524
19535
19549
19554
19557
19558
19564
19569
19578
19586
19587
19590
19594
19594
19620
19620
19621
19626
19634
19637
19642
19646
19651
19659
19662
19667
19670
19674
19675
19676
19686
19690
19703
19704
19705
19712
19714
19723
19725
19728
19734
19742
19750
19752
19763
19764
19775
19780
19792
19793
19794
19796
19801
19804
19819
19824
19824
19831
19840
19841
19849
19850
19851
19860
19865
19866
19866
19875
19875
19882
19885
19886
19886
19910
19911
19911
19931
19933
19940
19940
19943
19947
19952
19972
19977
19978
19984
19989
19989
19991
19993
19999
20000
20002
20007
20007
20010
20026
20028
20038
20049
20058
20061
20072
20076
20078
20085
20089
20091
20117
20117
20128
20129
20136
20137
20138
20150
20157
20158
20170
20171
20179
20195
20197
20198
20224
20226
20227
20244
20245
20247
20249
20255
20260
20267
20267
20275
20277
20284
20286
20296
20309
20313
20320
20324
20325
20325
20326
20329
20334
20336
20337
20342
20348
20350
20352
20354
20355
20361
20361
20365
20376
20377
20378
20380
20388
20390
20392
20411
20414
20427
20431
20451
20455
20460
20460
20462
20476
20476
20478
20479
20481
20483
20486
20487
20489
20508
20509
20511
20512
20517
20531
20543
20550
20553
20555
20565
20574
20576
20579
20608
20611
20612
20613
20617
20625
20626
20628
20629
20630
20632
20633
20634
20634
20641
20648
20668
20670
20683
20688
20689
20690
20690
20696
20704
20705
20730
20735
20740
20747
20752
20753
20759
20760
20761
20778
20780
20783
20791
20805
20812
20813
20815
20817
20824
20830
20833
20836
20839
20851
20853
20856
20858
20877
20883
20891
20892
20904
20904
20906
20923
20924
20942
20945
20949
20954
20986
20993
20997
20999
21005
21013
21022
21023
21025
21026
21029
21031
21037
21043
21050
21056
21061
21063
21064
21066
21067
21072
21073
21080
21093
21100
21107
21109
21113
21120
21123
21125
21128
21128
21132
21165
21167
21171
21172
21177
21183
21190
21196
21204
21206
21207
21209
21214
21218
21218
21220
21225
21242
21244
21245
21245
21250
21250
21259
21272
21273
21280
21281
21289
21289
21289
21293
21296
21307
21314
21338
21339
21344
21346
21349
21356
21370
21371
21374
21383
21396
21405
21407
21427
21444
21446
21456
21459
21463
21464
21468
21470
21490
21510
21516
21521
21522
21527
21527
21532
21536
21543
21544
21547
21550
21556
21557
21560
21560
21563
21571
21579
21583
21584
21605
21605
21606
21609
21618
21639
21662
21671
21678
21679
21691
21693
21696
21697
21706
21707
21708
21724
21724
21732
21738
21740
21778
21783
21786
21788
21791
21803
21803
21805
21812
21815
21815
21821
21826
21833
21846
21850
21869
21880
21884
21893
21896
21901
21901
21902
21903
21909
21910
21911
21912
21927
21933
21936
21936
21942
21949
21954
21962
21966
21969
21978
21981
21984
21984
21988
21989
21996
21997
21998
22001
22005
22011
22013
22019
22023
22023
22026
22033
22039
22044
22051
22065
22070
22072
22073
22074
22076
22077
22079
22090
22095
22103
22113
22114
22117
22132
22133
22146
22150
22153
22163
22166
22185
22191
22196
22197
22198
22202
22208
22209
22209
22213
22213
22221
22221
22226
22233
22234
22238
22238
22239
22254
22255
22256
22262
22309
22314
22314
22317
22318
22319
22320
22324
22324
22333
22334
22339
22343
22350
22352
22356
22363
22373
22375
22376
22376
22387
22392
22393
22393
22396
22407
22409
22415
22423
22425
22431
22449
22451
22455
22471
22486
22491
22494
22500
22505
22506
22514
22523
22525
22531
22534
22540
22556
22556
22567
22569
22570
22576
22588
22593
22594
22596
22599
22605
22622
22625
22626
22629
22634
22635
22636
22636
22637
22653
22653
22663
22667
22676
22691
22692
22698
22704
22707
22709
22716
22716
22720
22729
22743
22744
22744
22746
22747
22751
22755
22756
22757
22759
22760
22775
22781
22794
22797
22797
22803
22811
22818
22819
22827
22829
22834
22837
22837
22861
22871
22871
22875
22875
22877
22878
22888
22893
22900
22900
22911
22920
22922
22923
22923
22927
22928
22929
22938
22948
22949
22956
22958
22959
22966
22970
22972
22978
22988
22994
22999
23005
23005
23006
23007
23013
23018
23021
23021
23022
23036
23039
23040
23042
23083
23088
23088
23090
23120
23125
23135
23158
23160
23161
23162
23163
23163
23166
23172
23173
23205
23206
23210
23214
23216
23224
23231
23240
23245
23261
23264
23268
23270
23292
23296
23297
23305
23308
23313
23315
23317
23326
23326
23326
23327
23340
23362
23366
23367
23368
23375
23377
23382
23393
23396
23406
23417
23424
23424
23427
23431
23439
23439
23442
23443
23445
23450
23453
23460
23481
23490
23493
23502
23507
23515
23516
23516
23523
23523
23525
23527
23533
23544
23544
23556
23568
23583
23592
23596
23597
23625
23631
23638
23639
23639
23642
23653
23663
23666
23672
23674
23677
23677
23679
23682
23687
23688
23692
23701
23704
23707
23711
23733
23745
23751
23752
23757
23760
23764
23774
23777
23778
23789
23806
23813
23816
23820
23842
23865
23866
23866
23868
23874
23890
23891
23894
23903
23908
23914
23919
23923
23925
23927
23938
23940
23945
23952
23952
23961
23979
23986
23986
23998
24004
24006
24011
24013
24022
24033
24033
24038
24041
24044
24048
24052
24057
24063
24064
24065
24070
24085
24086
24088
24091
24093
24107
24120
24122
24129
24135
24137
24138
24138
24168
24168
24175
24178
24181
24185
24205
24214
24214
24220
24223
24228
24228
24237
24243
24252
24254
24261
24269
24272
24272
24281
24284
24293
24293
24297
24304
24304
24305
24307
24308
24311
24314
24314
24320
24322
24328
24330
24338
24348
24350
24365
24369
24377
24388
24401
24406
24413
24416
24418
24419
24423
24424
24425
24425
24429
24434
24448
24450
24451
24453
24455
24458
24484
24504
24511
24516
24521
24521
24533
24540
24551
24553
24571
24584
24585
24588
24599
24599
24607
24612
24619
24620
24623
24626
24630
24631
24636
24641
24649
24652
24656
24660
24661
24669
24676
24679
24682
24691
24694
24697
24714
24715
24715
24715
24715
24716
24718
24731
24732
24733
24736
24741
24742
24750
24750
24753
24769
24778
24781
24789
24792
24814
24816
24839
24840
24840
24842
24842
24844
24850
24861
24865
24870
24874
24882
24896
24899
24906
24943
24945
24947
24954
24956
24958
24966
24978
24990
25008
25011
25015
25019
25020
25022
25036
25036
25039
25045
25046
25048
25052
25066
25067
25068
25081
25084
25084
25089
25128
25129
25139
25140
25141
25143
25148
25149
25149
25151
25152
25158
25160
25167
25167
25174
25184
25196
25202
25206
25207
25209
25211
25213
25213
25217
25219
25222
25236
25236
25237
25242
25243
25249
25254
25257
25264
25270
25270
25274
25279
25283
25283
25284
25288
25301
25301
25303
25308
25323
25327
25343
25345
25349
25351
25351
25362
25365
25367
25369
25370
25375
25382
25385
25386
25389
25393
25395
25399
25402
25407
25410
25417
25419
25426
25426
25430
25432
25433
25436
25451
25452
25465
25473
25483
25484
25486
25486
25490
25493
25505
25513
25526
25529
25537
25548
25550
25551
25552
25559
25563
25567
25583
25583
25584
25586
25589
25603
25603
25604
25610
25615
25620
25623
25623
25646
25647
25652
25657
25660
25668
25672
25675
25683
25683
25684
25691
25694
25697
25706
25715
25716
25718
25721
25721
25721
25727
25744
25745
25745
25748
25757
25758
25764
25767
25767
25768
25768
25772
25777
25777
25783
25786
25789
25799
25800
25805
25805
25808
25812
25814
25817
25818
25818
25832
25833
25840
25855
25859
25863
25868
25881
25886
25887
25889
25892
25899
25901
25904
25904
25907
25926
25968
25970
25973
25978
25994
26001
26002
26003
26011
26015
26017
26018
26023
26025
26031
26034
26034
26037
26038
26040
26041
26051
26056
26063
26066
26069
26076
26084
26086
26091
26095
26096
26098
26109
26118
26121
26133
26141
26144
26144
26145
26148
26153
26167
26170
26187
26206
26211
26211
26212
26214
26218
26223
26228
26229
26233
26249
26253
26254
26257
26265
26269
26275
26277
26278
26280
26281
26288
26293
26305
26313
26318
26319
26326
26330
26335
26348
26348
26350
26353
26367
26369
26371
26372
26378
26380
26385
26387
26395
26401
26403
26411
26412
26414
26421
26430
26431
26432
26440
26444
26453
26453
26459
26463
26465
26474
26481
26488
26490
26493
26496
26500
26501
26504
26516
26517
26519
26526
26533
26542
26547
26549
26573
26576
26578
26579
26580
26580
26585
26604
26606
26606
26623
26639
26654
26656
26659
26662
26662
26674
26684
26687
26715
26733
26733
26738
26740
26752
26756
26758
26777
26781
26791
26793
26795
26796
26801
26808
26812
26817
26826
26831
26836
26845
26850
26860
26870
26876
26876
26888
26913
26922
26924
26924
26925
26932
26935
26938
26939
26940
26941
26942
26945
26945
26955
26967
26980
26983
26985
26988
26991
26993
26996
27007
27008
27012
27015
27015
27020
27021
27025
27028
27034
27036
27040
27041
27043
27054
27056
27057
27062
27076
27077
27079
27080
27080
27097
27109
27111
27128
27132
27138
27149
27150
27159
27164
27166
27172
27172
27175
27176
27185
27185
27198
27209
27218
27222
27245
27248
27250
27260
27268
27272
27280
27285
27287
27288
27303
27307
27325
27332
27341
27341
27356
27365
27392
27393
27395
27399
27399
27407
27412
27412
27419
27427
27427
27428
27435
27443
27452
27456
27465
27467
27472
27479
27482
27484
27491
27494
27494
27496
27496
27496
27511
27513
27519
27521
27525
27527
27528
27532
27534
27543
27553
27563
27573
27573
27582
27584
27586
27604
27610
27612
27617
27622
27625
27646
27649
27676
27678
27678
27681
27687
27688
27691
27710
27716
27719
27730
27733
27734
27740
27742
27747
27750
27757
27761
27765
27770
27773
27781
27781
27784
27785
27786
27789
27791
27793
27796
27808
27810
27829
27830
27834
27845
27845
27850
27861
27868
27874
27881
27881
27884
27886
27886
27902
27905
27905
27906
27914
27915
27917
27923
27925
27927
27941
27942
27951
27954
27954
27957
27958
27961
27964
27974
27976
27978
27984
27984
27986
27988
27996
28003
28019
28020
28023
28028
28033
28042
28053
28061
28070
28070
28075
28076
28085
28086
28097
28113
28115
28115
28134
28138
28140
28146
28156
28163
28168
28174
28188
28192
28200
28203
28212
28216
28223
28234
28234
28236
28242
28255
28266
28266
28270
28271
28273
28276
28277
28279
28280
28283
28284
28284
28284
28290
28290
28291
28296
28297
28317
28321
28326
28337
28346
28353
28357
28359
28361
28363
28368
28371
28373
28374
28374
28379
28381
28383
28387
28393
28394
28397
28401
28405
28413
28420
28424
28430
28448
28449
28451
28451
28452
28459
28463
28470
28472
28476
28477
28482
28484
28484
28487
28494
28503
28516
28518
28522
28527
28528
28536
28539
28540
28541
28543
28545
28545
28545
28548
28549
28552
28554
28562
28562
28564
28577
28584
28589
28593
28595
28598
28605
28607
28610
28617
28623
28630
28632
28641
28647
28647
28656
28662
28666
28677
28679
28694
28700
28705
28707
28709
28712
28714
28717
28721
28721
28726
28726
28729
28735
28735
28748
28751
28757
28760
28761
28762
28774
28776
28776
28803
28805
28805
28825
28830
28836
28846
28846
28846
28847
28859
28867
28869
28871
28886
28896
28898
28906
28910
28923
28925
28928
28929
28934
28954
28954
28977
28984
28985
28992
29002
29016
29033
29039
29039
29051
29054
29055
29057
29060
29081
29082
29114
29126
29142
29151
29156
29163
29167
29169
29173
29183
29183
29185
29186
29192
29202
29203
29215
29215
29216
29217
29223
29236
29247
29251
29273
29276
29277
29281
29282
29283
29287
29288
29289
29295
29300
29305
29307
29313
29314
29327
29329
29335
29350
29353
29359
29360
29362
29373
29393
29396
29404
29408
29409
29410
29410
29413
29414
29417
29420
29421
29442
29443
29445
29454
29465
29469
29480
29482
29497
29498
29511
29517
29524
29530
29530
29541
29546
29547
29553
29565
29569
29573
29582
29585
29594
29597
29604
29608
29616
29618
29624
29636
29638
29641
29642
29649
29651
29661
29661
29670
29685
29687
29692
29706
29707
29709
29710
29710
29726
29726
29730
29732
29736
29746
29747
29757
29758
29761
29771
29772
29778
29781
29781
29782
29785
29786
29789
29805
29805
29826
29833
29837
29851
29858
29865
29865
29870
29876
29885
29886
29891
29892
29894
29894
29903
29914
29931
29936
29941
29941
29958
29966
29968
29975
29979
29980
29985
29995
29999
30004
30005
30005
30007
30019
30030
30038
30040
30040
30041
30046
30052
30057
30060
30061
30074
30077
30088
30100
30101
30106
30111
30114
30114
30119
30125
30129
30134
30136
30136
30138
30150
30160
30160
30160
30164
30170
30184
30188
30199
30199
30206
30208
30219
30220
30220
30231
30232
30233
30233
30234
30245
30249
30273
30285
30288
30298
30308
30311
30311
30312
30315
30316
30335
30336
30361
30364
30368
30383
30383
30391
30396
30397
30402
30411
30429
30433
30439
30447
30485
30487
30489
30492
30495
30495
30502
30509
30510
30511
30521
30537
30550
30552
30562
30563
30574
30577
30589
30589
30599
30603
30603
30611
30612
30619
30627
30630
30633
30636
30636
30638
30643
30648
30653
30657
30670
30670
30673
30678
30684
30686
30686
30687
30691
30702
30728
30729
30741
30753
30754
30755
30758
30792
30799
30802
30804
30807
30808
30810
30814
30815
30818
30826
30829
30839
30843
30848
30852
30856
30869
30872
30872
30874
30877
30880
30900
30924
30947
30955
30959
30960
30962
30965
30971
30985
30992
30992
31009
31015
31026
31030
31032
31034
31035
31037
31038
31040
31051
31061
31063
31065
31066
31080
31081
31083
31089
31098
31102
31108
31113
31118
31121
31121
31122
31122
31129
31131
31134
31151
31163
31168
31168
31175
31176
31178
31182
31184
31185
31186
31196
31197
31206
31212
31213
31216
31217
31219
31231
31242
31243
31249
31250
31269
31274
31278
31282
31287
31288
31296
31301
31305
31306
31310
31317
31328
31328
31371
31379
31379
31380
31384
31384
31392
31393
31397
31402
31403
31405
31409
31413
31420
31429
31431
31431
31434
31437
31453
31483
31486
31494
31498
31504
31506
31508
31508
31509
31511
31513
31521
31538
31538
31554
31562
31568
31568
31574
31576
31577
31581
31583
31592
31612
31614
31618
31619
31627
31630
31630
31632
31632
31636
31639
31647
31647
31650
31654
31660
31662
31663
31665
31672
31675
31682
31683
31684
31690
31692
31692
31694
31697
31702
31707
31721
31721
31722
31732
31741
31752
31752
31762
31773
31774
31778
31780
31782
31788
31792
31796
31801
31804
31805
31809
31810
31819
31821
31821
31823
31832
31841
31841
31859
31871
31883
31884
31887
31893
31894
31895
31900
31904
31912
31920
31924
31931
31936
31938
31940
31941
31942
31950
31952
31955
31957
31959
31962
31969
31973
31974
31985
31987
31987
31995
32001
32003
32006
32015
32017
32028
32031
32034
32044
32048
32053
32054
32054
32060
32073
32075
32076
32077
32092
32095
32096
32101
32104
32106
32110
32113
32113
32129
32130
32137
32138
32146
32151
32155
32156
32168
32193
32193
32203
32206
32210
32219
32222
32226
32245
32253
32255
32261
32264
32267
32279
32282
32282
32286
32305
32312
32325
32335
32338
32340
32341
32346
32346
32349
32351
32353
32356
32366
32369
32375
32382
32383
32387
32403
32412
32413
32416
32420
32439
32439
32443
32457
32473
32485
32486
32488
32494
32495
32495
32497
32498
32501
32504
32506
32517
32519
32534
32535
32540
32545
32546
32549
32570
32585
32592
32594
32603
32604
32604
32611
32617
32628
32629
32648
32653
32657
32660
32661
32662
32664
32668
32670
32678
32687
32700
32706
32708
32711
32715
32716
32717
32718
32727
32733
32737
32744
32748
32759
32763
32764
