17263
5091
19535
479
28707
13868
14465
24416
8093
17673
21579
21031
5918
2118
16786
18578
20313
2650
17225
4826
19578
8273
30101
19104
14183
11785
20783
22729
7238
31393
32267
3468
29247
10543
14647
32457
20611
10673
20997
8349
29837
13895
620
19507
32168
12447
9900
10461
433
29616
6193
11107
24350
28075
12218
8091
28735
5678
12986
28729
964
5307
12286
8425
16000
11114
3985
11931
19052
14810
23005
18974
30447
27757
31250
8433
11868
27573
32716
10326
25789
8233
9200
7847
25551
24093
5334
14061
6221
3569
19886
8879
17521
9352
32028
28168
15289
32763
16166
25084
3047
31887
11856
24844
14155
21989
4101
29192
25668
10353
8249
27941
9733
10029
16461
32592
17045
22927
3379
30657
6681
30136
8402
5074
4950
10990
684
15634
12658
28748
3006
28053
14074
11192
16807
11919
31274
17686
27917
25889
20072
31163
28477
24947
10001
1061
6929
25603
22392
27625
5399
3389
5164
4588
32495
27467
6522
19670
29173
6702
6963
10692
3361
10766
25008
9534
6699
16334
14354
28776
3570
9188
4046
5756
26654
13160
32106
5751
13828
26474
29313
17683
15563
26249
22797
2806
3789
21697
29670
21289
4160
21893
10373
15819
12054
29710
5646
27399
21025
26098
7566
29251
17275
23544
16256
22938
6693
21803
29335
8589
26350
10285
22455
14581
10391
14030
28484
27964
19252
32733
13216
10957
14037
831
15599
8649
12646
11325
21022
8956
6100
13858
2851
18703
12914
16134
26758
16895
10394
31973
1056
19662
22423
18676
16163
16248
4290
30004
4442
10536
748
8263
23986
25772
21244
31619
28666
12070
10201
14149
2023
5893
11659
2439
5467
22324
21405
693
2534
29329
19141
9405
25486
9121
1479
28774
21707
29826
16790
23778
11734
4897
22716
28070
27427
13741
26109
23161
3372
9035
31287
32203
7537
13579
27021
32073
1213
25370
29636
24750
5802
12858
19437
2780
30311
5488
17221
18731
14521
6140
7001
27905
26432
25486
17262
9123
18684
30391
1311
74
5136
8094
25672
27770
27845
3828
13859
29327
21969
5930
13233
5785
30170
27617
2908
12649
22070
30114
13786
492
32501
3535
4692
26808
5153
14041
3528
485
22596
9396
22956
4382
14379
10632
30164
29687
17386
23210
4501
3713
14624
458
2091
26141
636
11886
31832
24205
20608
31647
22350
19793
12165
24033
11983
22320
16128
3433
22163
19477
28163
24715
8426
29980
24839
10866
4770
2285
25832
29203
3627
14921
4913
5475
14841
5346
2970
11464
9770
7280
26319
17102
30057
25089
18035
13340
3346
912
9829
19366
4246
18906
21314
28452
11298
22637
10795
28610
29307
9218
1480
21273
21037
8972
31884
10334
26084
27793
21563
15833
9242
14649
20138
19097
12786
31397
13255
24679
23908
32001
15576
14840
667
18141
17672
14695
24731
11064
25375
10978
8487
16862
20625
8099
6114
14837
16826
29985
31924
15058
4968
23688
9583
18193
29082
30311
691
21988
23431
22185
25615
5803
10466
1223
18280
4805
29789
19516
14239
8614
3948
28984
32366
25386
25419
7576
11667
13353
25410
6678
17201
20812
29736
10173
28019
7199
27942
3489
12658
13927
5565
11980
31065
26549
17674
15483
19911
315
1609
22667
15988
13279
26265
15406
15896
3214
20478
14050
30088
2771
5548
6564
21026
1448
5507
25184
21356
21132
4822
15277
23544
25301
11888
9399
2443
19272
8153
21884
22653
27111
5077
13116
5731
7690
21550
26922
26604
18097
7347
31080
26121
31513
16769
23090
5713
12685
2689
29530
17059
18559
26674
4084
29709
9687
26025
6226
5356
24715
31702
10291
32341
10352
10760
21815
29876
24656
30643
14742
22451
7740
17266
5906
2398
1571
840
9770
20612
12964
23083
26001
14944
8225
9923
32222
16248
19989
28527
3461
12230
2727
20361
28934
10774
7295
18923
23396
8879
16088
9393
21209
15669
9174
12865
26056
32206
28954
11145
11251
5508
27285
32648
26606
19947
16281
15376
23764
22531
11830
29642
11320
607
28867
17786
20574
6791
10683
26756
1707
32156
16843
25264
15963
7226
27688
19242
24434
30114
17702
16077
32245
19993
16135
27040
19801
9355
20752
18849
26684
11124
7395
3778
16467
18689
32264
15410
19108
25202
14285
28381
15349
30402
13648
27958
27012
19594
4058
25652
8696
14115
20334
30106
4760
14090
6562
31612
3259
31113
17070
9471
16255
31636
29891
20576
14782
21490
24990
17976
18494
26781
12892
14846
1064
4970
10640
13261
9660
31212
11155
18279
28482
7318
8475
15483
17476
24865
26639
3107
16634
7213
18074
22449
26118
24107
5247
15531
11362
1914
3756
10772
5526
26576
2321
6893
3118
27868
29362
23036
10347
9258
24571
13004
11577
5190
3924
13301
20833
12580
7158
26269
10496
28607
21245
7999
17208
15617
24254
19372
20517
23523
15450
25167
25362
28373
12180
22196
9453
12384
10463
14156
2809
7946
20923
22634
26051
8314
13122
12434
23639
24540
11006
18931
10163
27527
8702
27954
8828
21981
14889
26985
240
23923
26066
7536
17692
24691
7564
9819
17231
7998
10303
22339
19150
4693
10619
24138
18121
22393
27149
15065
27534
31249
3792
26924
17405
6861
12742
26385
13116
14985
4455
30188
16044
11380
19001
15871
13339
29553
20129
14056
59
3773
4345
31083
18770
31186
5090
24178
8756
25484
21724
3922
26991
24715
17684
27472
10437
7384
17532
26212
2271
20683
21281
17725
11583
32044
27834
23172
3191
12952
17020
10597
6296
26662
18230
4428
19438
9547
16793
26348
28138
763
22743
7814
9312
18449
20337
27496
9459
9457
24649
30900
6861
21100
29183
8034
5267
6116
5242
15752
3735
31920
31941
4825
27984
10433
29469
18028
31752
14470
26440
31168
17365
2062
7976
3324
20170
14701
13199
30843
11118
31328
20309
24455
17517
19764
25768
16485
24718
22755
19620
26003
24293
1153
1315
31821
842
25046
215
29781
26378
11085
15766
3316
25052
22797
5364
13116
32534
4453
31511
5521
21280
30829
8135
4200
17705
8938
9669
22605
8474
12403
25694
1323
1480
20690
26431
25288
878
14509
8331
10895
32346
18790
299
2706
10726
28735
27494
7631
12202
194
13233
14770
22256
3680
9160
13532
16488
2392
13309
2851
2590
8922
28368
730
28584
15468
12993
14162
15012
26254
18018
11424
5986
12953
29360
20641
8669
23533
6051
3388
16112
3147
28420
20455
5574
16256
29055
10861
15763
2628
4601
28910
29569
18529
17188
31015
27886
30232
31568
24307
6612
14528
10884
29202
27528
23216
22221
12586
29608
15967
21206
30219
28494
3274
17081
14135
4746
8982
25365
674
10256
887
18017
5558
22829
19792
31871
13978
12800
156
22676
12980
13798
4236
18712
9837
6198
2417
30249
29236
27951
19933
6693
197
26414
12037
18551
17067
29732
25706
5809
771
20296
9913
23516
31108
23305
29167
31243
15804
22343
12992
26167
32668
18370
25402
25158
10551
7891
23206
7533
19911
90
21679
11960
2545
12535
29638
7655
14666
1405
17092
28284
9497
26275
31185
24850
4191
15613
2693
24304
17684
22827
14158
17374
1716
11345
14866
31288
3578
25799
15893
7488
29163
17169
12572
5560
8727
15121
12243
25777
22044
13691
4460
4254
5739
1418
22153
26796
16975
26353
32604
4694
14123
6165
3340
5427
32003
25721
12891
22803
7229
13177
30599
19019
169
28476
21869
6221
3520
22500
3060
17020
18473
5895
14249
26430
14466
10083
27303
2386
27484
25805
19642
16228
12935
22635
1732
478
2961
5411
32095
2818
20361
14419
7875
32054
4104
25283
18411
17310
17779
15832
1267
24816
12922
24842
12485
8324
8420
11159
14324
23979
23439
26233
744
21826
2482
17046
19260
13703
20326
1848
24676
24619
22373
1212
8083
4776
10769
8078
8923
26836
30136
1877
27543
28086
11286
28266
3078
11929
6427
21903
5176
1120
22255
16350
17966
1817
17204
25343
21821
24533
22923
10142
13491
27830
5977
3612
14781
27465
19659
19333
5256
7446
32535
12995
25767
6774
16389
15889
27829
18341
7855
19634
10555
8216
5508
26850
20179
19473
6547
10765
29582
13424
12039
1855
26516
2252
9965
11740
266
27586
27198
12433
24377
14733
30233
8842
26860
7383
27984
29413
2585
26063
25382
7271
29892
22396
17239
32110
26913
24401
31577
27687
18681
27393
18658
23297
31310
20629
20906
8546
23874
31931
26738
15512
22837
23393
9029
7442
17710
11906
9982
21456
12156
18240
19466
13336
18589
21812
111
15723
30046
16386
2829
25015
19524
16176
5156
31694
555
9272
5911
2583
2605
2779
8560
387
27845
25529
803
19651
6708
3359
21527
19385
15396
28192
29410
26412
19084
18407
24789
3263
26579
12619
7992
10020
18488
28836
29142
26253
10353
10205
10941
28003
6034
1739
25407
13627
6193
30653
17980
16390
23752
31317
20388
27015
9050
8342
9527
27915
29786
25149
27791
29524
18632
14933
16993
15574
23453
17158
14080
15398
10857
17326
29730
13487
26939
25907
28647
12711
28097
151
20759
26945
21936
15308
26795
24612
27750
26826
25744
24861
5071
23264
8103
7440
13445
9799
13072
1845
31035
32253
11432
16768
22875
9168
3792
11617
14062
7865
32113
29870
5053
11116
15421
7902
8629
6957
25143
1655
12944
5349
26229
17097
19122
27765
27172
23005
23377
1098
25550
20137
26585
27954
4056
24453
6799
14446
19023
2275
3188
12296
13796
8250
17516
26983
21556
6979
12703
26144
29517
22376
9504
14095
5230
30074
3789
21927
12303
7586
374
10118
31521
16282
16961
24652
4503
8988
26444
13742
10789
23707
18837
6598
14152
31282
19991
28589
6534
31962
18998
28236
18167
29151
1885
9583
3076
16533
10726
22811
18799
71
32570
10018
21396
27248
30521
10996
22254
15661
19676
5048
26076
8691
8728
24732
5029
27773
4870
14185
16570
17929
1090
2394
31804
6340
12433
31278
7870
20355
14790
15740
588
15795
16614
24135
31660
17299
18826
9426
30947
673
27781
3765
26876
13905
7623
3377
20740
1285
2433
32193
12889
23866
19594
4337
9765
13055
3074
4979
21029
12716
12341
19824
6831
13776
18113
27676
13811
9067
20476
10637
1153
27742
31632
9933
21259
23327
6248
11310
26988
30129
15312
17373
2794
3284
25559
25274
19384
19321
6392
4967
24511
23160
21242
22431
18079
27781
9493
13258
30960
18017
30038
6350
31437
5965
17221
8231
30611
13764
16836
20026
19174
5225
18490
20198
6901
831
24305
24669
26623
4376
27325
24626
13591
8528
15327
11955
11812
2490
1064
23672
28459
19675
30818
22076
20689
17494
8427
748
24091
20392
7587
2046
22393
23317
24840
10244
26371
21218
9888
28545
27138
22213
10392
9211
29618
16794
22698
10577
27974
22871
8260
20815
30509
15170
27622
18816
28564
22626
1483
6979
16940
5683
973
29217
25901
26526
19587
7262
10139
29223
30636
31182
13512
4969
3536
19690
28954
23231
27428
8739
5134
19269
18863
16759
9085
31231
13995
24129
13342
23639
30510
31061
4941
23245
8201
10572
15882
31722
25840
15645
18757
15221
25308
27886
8025
25066
27054
3369
14038
28712
2325
30673
9859
29546
25777
8215
15011
21880
4985
1064
28536
32031
3674
29002
29958
21214
29216
20007
8217
32226
6298
24424
27785
27957
19705
14982
29885
306
8058
23261
622
26940
7237
3331
7341
2479
27028
9303
14120
32279
4375
11997
26281
2976
30872
6985
16095
6094
19931
1369
15713
30574
27080
7272
26096
10701
28363
22593
29692
21543
9852
28721
17770
4450
25211
18528
25237
27132
25758
18784
18323
2115
4687
22023
21177
31940
30511
21370
31841
9989
23296
30603
15338
5751
28353
20805
15873
30630
21786
16324
20511
25011
2555
19275
9555
6148
28033
5264
22594
5178
30233
20058
20076
27747
19943
30030
24753
26993
24425
14854
27923
25068
5463
20836
13757
11491
20942
7974
12613
16680
24750
28346
12334
21693
26945
11859
31665
4233
8989
24636
20924
11343
21067
13933
25148
1761
20136
3164
12696
3729
6796
13077
1149
3561
19626
17293
14561
12444
20791
27443
12354
21691
17999
26313
12079
31788
30612
8050
22026
29273
15640
7692
5900
31269
16765
18623
19849
6180
29530
7894
23158
19723
9697
26318
27176
21605
9407
685
18270
15240
16196
24214
24450
25800
3780
11673
23596
19178
31805
26831
30184
6364
18745
17575
25657
27043
8182
4219
3806
17556
28357
13415
25683
10695
4784
16730
31131
17097
5471
18285
22333
2961
573
26228
6029
1973
5846
19667
14892
22494
21123
6292
20690
17274
10570
20150
26955
2736
24064
23751
22720
5273
18352
22709
19512
19885
1601
29409
16990
19067
27218
20085
21125
670
5225
13304
25833
14316
3917
21023
16440
24048
27056
230
4177
5531
4881
15072
19019
4406
32737
16587
4537
29851
22757
7016
812
1445
14811
28554
2042
16613
17248
22636
5950
9878
1041
15431
2080
21459
31985
20260
22871
15368
17675
14319
4588
5799
4184
3022
8000
21788
7650
5041
21584
13570
20778
4137
28216
17047
31431
28541
16886
24429
5201
10747
30577
8547
29565
14476
30138
7636
14473
22923
25745
29966
31707
6103
26411
12806
32485
18471
29746
21066
25675
28830
28430
2614
13128
20128
26211
6507
10830
28387
7130
17277
9452
3017
14629
16620
6389
9709
22077
15446
28383
2811
13550
12266
14697
16070
21910
14112
4224
31380
18730
10407
4964
14012
25721
3231
22023
29300
14517
17161
15798
11748
29999
28284
4346
19071
5730
30489
16065
17810
1587
14785
8377
285
4471
14213
15613
3811
22198
22877
19187
12733
4654
7197
32628
2355
27419
14502
25646
6989
9782
7257
15943
12455
24956
17874
18499
14020
15664
22994
17192
7332
5667
1148
8928
23961
13619
31429
23006
11862
6162
12326
2053
73
14153
5267
4293
20267
28028
28337
23687
27861
25583
9796
18763
16213
10313
4838
3727
9537
20376
8959
6259
29771
19094
28401
7708
17942
20267
3219
30550
1864
31538
14049
30077
31969
5248
7666
17309
13259
2594
29482
4568
3761
6887
1456
4104
26133
17695
802
31654
28317
25505
12424
17643
22958
7187
12167
3892
25660
613
9176
4267
18401
5535
19704
5412
16940
31197
26656
10309
9787
5015
28279
10986
11404
26662
903
22471
29968
26500
10221
31568
28545
852
1109
25301
7670
14114
24742
18162
26037
26091
7034
13606
25160
12512
13777
15554
28371
11111
18182
25349
22948
4195
27906
8837
30220
23733
3247
31184
109
29443
30383
19796
2197
11447
17487
8316
22090
31819
182
27164
31782
1221
29283
2063
3238
19069
6358
5663
9597
24870
12940
11300
17710
15116
24369
18288
7897
32155
12818
25451
24661
32545
18641
1403
7808
20949
14940
16423
23507
23
29215
29051
23866
24057
19321
16558
16674
5119
365
7938
3283
18211
18075
20460
9216
540
6510
15477
24220
17376
10390
5600
12528
22376
23481
2957
6635
22707
21605
6173
19385
2829
31562
10711
17047
25745
28070
10826
15845
29421
24320
10548
20348
32101
17177
11939
30019
2075
21536
30810
28925
7309
18725
9846
21093
31583
20688
6994
26493
7003
9299
4775
1827
6582
18077
13304
27109
32660
17360
9261
1302
207
1270
23166
7201
6132
3056
15506
31774
9103
11182
17896
5539
26793
4262
15991
26845
7822
11646
17553
30687
26580
24588
11789
13113
23704
25217
1189
5325
2571
23777
8605
23774
2862
10935
11430
9578
7897
10502
513
16314
24322
8322
17383
4151
32060
8192
6953
23679
10366
23340
27412
16312
38
24954
31895
14629
14397
16735
25768
2294
21245
27584
10723
20325
5008
27563
28020
8702
3611
17989
6968
2878
30971
5891
25887
10336
9039
15389
3541
22900
13494
10048
18081
14257
6746
9860
9357
17932
17709
14749
28871
4106
7538
18261
22599
10962
20352
18234
16050
19590
21954
13203
14462
28115
25603
22425
28760
10695
6120
19940
31682
20451
4798
17188
25345
23666
24694
20753
24630
19225
20462
1445
6603
30638
8307
27272
23568
333
10371
8396
5670
25513
22999
25818
7709
15009
18081
3756
89
25620
3090
25149
24122
29685
17951
17470
8188
11938
28805
9995
32219
32113
22794
17373
9339
4492
1798
29761
30856
10496
15395
16329
15769
10768
29281
29185
9307
2255
31581
19620
1003
10990
9426
10768
17027
15826
1632
9208
12633
13033
23692
4697
24516
22079
5385
30383
10657
13132
28726
10088
1269
15377
23527
20377
21204
26211
27496
5872
14209
13190
4287
1514
15830
22013
31538
31301
18918
27041
16137
16313
7906
29169
10901
8419
31801
4777
27761
1154
5635
13974
28424
27365
27808
6312
3415
24484
18332
25417
1269
13199
22486
23021
18768
4836
17634
16618
7225
19397
10667
30603
4003
22760
17501
30815
21671
1169
23938
13271
31692
14269
10859
30992
2694
18848
11985
24814
2556
25426
25020
28522
29454
19398
6564
24365
7063
12283
982
19293
2287
15222
11034
11191
19381
5359
20883
22238
18635
4939
8678
32498
5025
16074
31647
23653
15799
29314
24272
31498
16221
12812
15098
23919
23998
1917
9521
27245
12828
32151
14716
22781
13917
2625
11131
3661
31431
32053
19020
8724
26888
18169
31662
32034
14457
11280
29287
17979
30627
14449
9188
4389
20227
1848
16672
1024
24842
12956
14023
26326
27496
33
30874
20851
3466
7438
7189
27511
22625
32546
1615
29353
2918
15747
12579
31630
8923
30199
19341
8251
6995
4694
14678
4455
3700
576
13812
15812
3324
15627
7852
912
23042
8191
10233
8294
27519
31942
561
21339
21516
27678
12646
25926
31213
14545
7306
2911
16207
30439
6103
22540
32718
6938
28270
11767
1850
9866
12095
26980
26011
15026
16680
13250
17522
10651
609
13695
8514
22095
30487
6689
4431
31121
19287
6803
29350
7883
11310
444
11869
27976
15375
24406
28700
4515
9844
23806
30429
23424
5832
27015
25327
25465
5765
11924
9537
19804
5786
1126
29661
31379
10255
22514
26547
16611
10219
14135
10136
31066
25174
30670
17550
31618
28923
11203
11078
22747
22704
22691
20195
27784
10841
9430
28929
4937
11017
28463
10998
8105
18283
1218
7255
24185
22113
26870
25279
16252
28394
25563
16075
30308
21833
19133
2665
10237
17252
14073
25683
30633
4202
7951
13526
2316
31672
1529
28632
18952
7934
13499
14361
6380
19357
12860
18361
6888
22356
27988
16891
22213
7196
19750
21064
26578
12112
7088
15479
23842
5137
32416
16971
6388
27881
29289
573
17523
28846
31639
13180
11168
9898
607
25395
5516
11768
3195
5898
27850
5169
18741
30959
19492
32585
9153
28694
17293
11955
20431
19262
26967
6092
1121
24631
2982
8566
22746
17569
5669
17155
30808
1014
32759
2646
8004
30411
22001
19780
5928
8018
13574
2624
9408
12068
18690
15416
7251
6717
9084
9658
4163
23368
32517
22363
19940
19742
17062
30041
7306
15753
22922
127
29414
7501
13047
9801
5778
29033
32387
23625
23018
27034
30852
19145
27678
16417
23240
19122
28549
18118
17798
31405
18996
17693
13461
12167
25808
3080
21724
17370
19360
25213
19978
2794
26086
12169
21639
27341
14192
1429
6058
25039
24682
29417
24620
31508
20342
15214
29404
30335
23039
24504
2965
10195
11977
5443
1133
20760
22221
5117
32048
31809
14405
23813
5901
6155
20483
24243
6286
23592
5382
6616
3534
14493
14927
11335
14566
21609
17137
25748
26280
24423
7272
17179
31632
15221
13099
3140
19703
16598
13701
20486
6794
8661
30880
2730
15355
12715
13283
17106
22262
4771
1661
18617
12631
3964
31554
31420
29594
9231
32439
13082
28562
31026
31592
17144
16222
22491
4226
7848
20634
22409
5789
7978
12242
19423
26330
31987
10300
13714
6190
26606
2982
14982
9981
24769
13997
26932
15083
14161
9520
19279
32495
21128
11012
2983
16297
9558
9449
13133
17397
29941
13757
16888
5056
21618
25584
9639
8474
31081
11064
21896
1933
19984
22150
5145
21933
25718
13880
7309
5361
12045
1680
16241
961
8807
6757
12943
13776
9277
7704
6163
3756
27573
1738
236
19092
14052
460
28277
2441
31122
30807
5973
4263
26942
31614
29604
13750
2658
11360
21583
10493
8953
29858
2493
4438
13885
8989
23986
11912
28085
16595
25716
30160
4975
12840
26925
23745
395
30799
31121
17999
11001
9986
21696
17958
8578
25206
16750
11840
15629
31118
3905
6838
18459
28751
18298
28630
21909
3732
20696
32375
9159
18178
2745
17033
12460
2623
9091
28656
25452
23135
11842
16787
28451
12959
15251
16047
21220
5974
31168
27250
6910
25128
8236
4549
18301
7805
10738
11113
31732
2609
9161
32325
23674
3726
4395
510
15347
17783
11446
11721
32657
24293
2002
10621
23450
31384
19860
5357
19819
18950
11490
22900
30397
3736
11736
14801
15911
18453
30315
5173
22756
10078
16972
2715
8663
6493
4623
1368
25036
32312
21901
17395
27905
24778
5511
28726
14821
16979
24716
26501
21791
20078
32540
11887
22226
2884
13069
17027
15647
23040
1582
15973
20460
23427
27691
1057
29156
3416
15280
25022
703
13034
17105
25623
14020
24308
31402
19430
1932
12602
7746
22818
8712
7287
10422
24715
30150
18582
32403
24451
18799
25892
18051
543
30869
6
13612
20350
16043
13415
20565
28761
13141
17909
27978
17372
23523
31821
28290
14004
30231
21171
1152
4202
24623
20487
30199
10991
16927
6900
13105
18552
23583
7787
14513
31627
7781
21072
1304
21850
28212
31859
9797
20049
15381
32193
8640
7403
20325
32700
15449
28361
27407
5672
25868
14341
12187
10503
18216
3268
24168
15048
18353
14602
25141
24252
29186
2771
16614
29641
6070
607
23173
30562
10185
23757
6536
1206
251
11499
30802
21544
17269
30285
32764
20224
26031
32412
9300
2912
4241
18737
8486
17529
1753
28898
15547
8958
7100
21532
5024
27097
31952
18227
20904
23326
21289
16629
31796
26941
32706
13701
12722
2171
30495
4967
612
13475
49
5847
18019
32504
23162
26463
5347
14447
3954
13224
16568
3099
29480
16273
32282
7657
6188
6270
5541
397
15021
25586
18595
7612
26335
31841
19086
20380
24223
20543
29649
25209
602
14173
4559
12217
16683
12917
30758
31506
21571
18692
14133
24314
18830
31063
7132
23903
8596
28393
23682
26777
1181
29420
5981
30877
21272
19238
1517
115
5437
31486
2506
22506
3570
6871
30368
28042
29931
14748
15736
21706
7190
31900
23865
1155
1078
29081
15470
22949
9421
18203
20553
12841
27456
24330
13544
13382
13622
28540
6872
5608
19009
9676
11736
30814
6336
32748
22751
11346
14852
20476
2912
29183
433
7707
25548
2462
7271
23677
25433
10273
418
8637
3842
9252
15583
23925
8654
28449
20993
15117
13398
12003
16626
9936
32129
2877
27789
10565
4243
1019
26812
3260
15462
25369
29661
295
28662
7987
8043
12843
18468
16957
27610
887
10931
10356
23490
26453
4759
11156
16960
894
29039
3660
20634
6195
19024
15343
10017
23945
27076
12396
27996
19205
24338
7296
13666
32104
6848
6698
11912
11980
22103
1376
27452
29936
10598
19712
15921
14801
28617
20489
29373
8826
25899
6923
25727
22556
6602
6620
14916
26465
9338
4493
18475
10750
13805
30364
23816
28296
28977
29547
32519
21128
11642
13041
23442
721
1314
17328
28276
22033
21998
9959
9278
30119
5779
24584
31721
2228
9593
6252
27582
5493
29886
11078
3443
3280
14206
11734
21911
13356
29778
18399
23088
24966
8470
28762
27810
15809
11248
25196
2770
318
5517
24214
27532
24237
174
3116
10786
4131
23268
3848
21846
14956
663
9599
25978
6818
3661
25236
24022
12798
6441
22636
7498
25583
14514
18178
8757
14953
32727
8988
17813
17536
13103
2430
12655
17205
4741
29277
5745
6288
23443
14614
25814
11503
27150
19488
3210
16029
6371
6463
2190
20390
18625
2555
14751
9706
12247
9297
21522
4465
22239
9128
25859
27902
26459
7687
12974
3303
12062
2436
31773
4131
32015
13824
23556
18341
15146
3857
21225
10216
27079
14912
15495
30924
24607
25973
13429
14240
30220
22959
11779
24448
31504
9720
17253
3041
7833
30361
19
10602
11651
27786
10863
10502
18655
2348
20648
26935
31219
570
7391
18861
18305
4605
13449
7447
12365
6080
10005
27961
11993
7300
12238
17726
10867
4085
20226
30288
31089
20892
32356
2663
22716
23125
1199
22878
31883
6660
11404
29772
7793
23940
25270
23313
11418
20704
32604
12335
32338
29126
16071
24284
12742
1592
11580
26453
5903
27525
2596
17780
19564
20856
26218
9605
28623
13775
549
23382
2460
13294
11639
20365
5293
31957
12468
22334
18329
2896
32711
10685
822
26733
15570
26801
2652
5171
19989
28266
26348
26257
2833
22133
8209
31893
17645
29805
9670
1503
11800
11539
5529
1620
25904
26017
15534
24599
10019
32092
31494
14773
27796
1385
27649
5279
30336
10977
30754
10206
3617
1832
13331
21250
31762
19066
12521
15707
31413
29894
8616
30060
10194
4288
31242
9373
14720
9522
27260
11056
31305
20626
23914
14454
20617
17114
22972
13123
21783
2452
28321
1695
15655
25140
3211
9918
7023
1707
28539
25139
15497
10297
32382
21344
8857
3203
17527
1585
25647
229
26144
9738
29295
6153
14668
18429
2671
26041
24943
9537
21984
11505
5471
23007
32497
13369
29276
31663
15216
13361
79
7555
4914
5230
19279
4770
26038
27268
13929
1656
29445
28516
27553
15499
27612
24297
3380
3249
19725
30125
3104
28545
2595
289
18406
12039
19269
13789
23439
4028
16989
16436
15341
1460
23417
17164
2851
18970
19569
14572
17768
25818
18378
27479
11015
32413
22234
29785
2986
3834
7981
32351
22233
15082
5928
13900
5566
30589
28140
9160
12843
17612
10877
23515
11998
5423
17956
16828
13571
13488
17937
18915
6906
17599
6213
29541
18523
8231
14255
27521
6967
15168
23445
3958
12961
21606
13878
16536
17005
2219
1710
16035
21560
8393
537
31823
6569
10843
22523
8741
13301
12620
21984
13200
5289
11663
28223
2615
23460
30992
9892
7050
22114
25067
12558
15515
1153
11485
13462
22576
17789
7159
2386
19222
5055
19866
27513
23224
28886
1951
27080
31216
26372
17110
4900
20508
17404
2738
10112
13941
28906
1346
20481
8092
2996
14179
8800
7542
9599
22837
29585
31034
19062
20171
15778
4552
14022
6439
7397
29757
23789
21349
10321
25284
8501
4150
10534
15791
28283
11152
30160
710
2101
25764
29710
22238
15796
21521
1619
19886
25254
4695
26733
25567
12510
8846
16228
24418
30552
30040
24741
2566
14967
6164
5215
31306
10642
25684
22318
24175
3503
17297
24311
32210
5518
23326
26387
25721
8938
13403
1967
27884
31995
13611
7282
7238
3135
31912
32353
1163
890
30741
5376
8508
6652
17427
698
25129
15138
11800
28803
22663
20255
27166
15548
14914
252
20632
4439
12181
9694
14506
9531
7895
10632
17049
11498
27288
9248
9857
15969
21996
32054
23366
11328
775
16386
10700
7210
16394
1261
107
23663
5661
5204
6813
15592
20158
9864
20730
28451
25432
25881
9575
12736
2840
4436
24458
19227
23292
29706
19841
5932
11309
31379
31955
11435
15502
9491
32678
23927
15765
10748
4659
5688
17754
29396
13432
24899
21997
22073
3116
4287
28397
13090
8952
21510
23894
20839
21732
15438
15771
11140
784
29833
25589
1434
24228
12426
7930
30134
24585
5992
2161
16726
15962
11559
22629
13353
31509
32661
28280
21527
22039
6771
1402
5761
15815
1749
17722
31434
3985
22988
9884
11798
15510
5697
24044
7249
9889
26148
16242
4724
18781
28359
21063
22019
966
17540
1383
21978
5598
16806
15110
22570
9889
17543
7720
18879
26170
6389
30316
4740
8311
4314
28200
4936
21371
4124
32443
12482
7859
4035
30495
4051
7691
23642
20670
26380
1377
5015
18055
2416
4153
9534
25152
3707
6579
23362
29726
15203
28859
11565
10387
4509
15488
25283
12391
9891
1319
18914
12042
10485
13504
941
25385
13917
9337
11498
15743
26488
2577
26023
23022
13426
22928
31780
3790
5905
28470
16109
1669
3573
5553
14919
5975
25886
15507
25805
19840
26542
29442
32603
23424
24304
31409
11307
25783
666
1808
318
22065
15951
31936
6654
16835
28776
17738
27681
28503
1524
2832
25552
6276
6141
29060
2825
610
28174
7575
16450
27036
2545
8821
16463
29894
8381
9839
1925
8433
9489
21560
20000
23677
18074
27733
9186
17455
2779
2767
28413
13955
25389
29995
21043
12612
25604
1179
15932
11609
373
118
12904
27874
29941
31974
28805
28548
12388
4577
10243
256
586
32346
23638
5643
20320
3000
2716
27482
1362
17799
21120
6908
10947
22893
9822
7148
12433
13152
18088
24551
26715
10775
3208
891
17473
20414
18374
17505
17387
15086
13293
12812
13005
23516
18601
19586
7081
12753
26996
1387
5461
29914
14449
22375
19646
1984
4248
26533
28717
17978
27412
26034
24521
866
13289
7566
18270
19558
20954
28677
1372
17280
25994
9532
803
10024
993
19851
25213
22920
28593
9354
9324
31792
5786
10863
11559
29707
21803
26519
18783
27025
17993
3682
6342
6463
8661
28484
466
2116
28297
29465
4798
29054
2851
4025
29651
32420
21190
27341
20197
8645
24733
7905
20512
8945
14017
22202
9221
13878
19549
13033
5807
11726
18192
11680
14427
7318
25490
28869
11047
31938
20891
21061
32282
11983
1792
27307
14693
25786
19999
31217
32744
19824
4990
3733
27128
5253
13999
8944
32096
2600
25207
9412
26277
1879
12335
6932
22415
25167
6761
24120
12004
1863
727
5680
19831
2397
20329
29497
15457
16337
25270
21662
2191
17265
29597
20945
30589
24660
2092
22970
31040
20427
6080
23631
31690
20117
6254
12901
874
25426
31650
14277
11410
26938
24070
19331
31453
13071
28326
10891
6480
23120
20817
22653
28641
3760
66
2747
12853
31175
28928
18880
19374
2822
130
15539
19621
16368
27287
21307
15604
15495
20613
16790
30648
18437
4848
741
29781
461
766
21962
8378
25249
11961
26421
12518
24085
19637
8059
1962
14404
2802
17833
7345
25537
17667
27927
959
31697
25968
24896
31030
11991
30298
976
6110
11535
9565
20735
7141
28543
16059
32286
22309
27435
25526
26223
15014
1161
61
14906
6500
22324
17355
9245
2130
9700
8589
22692
32670
1694
7107
17434
8503
7976
24168
19102
18573
1472
27925
20089
18328
6669
26659
28846
29979
27222
11536
16339
28714
30962
22051
18720
15594
30208
23891
16326
7832
16728
26214
11905
21196
18625
29782
26481
4607
5732
3576
9766
31051
9088
5599
6138
16755
17248
22911
16035
26403
14986
7054
24840
10361
22074
7600
32340
31683
6158
27986
30537
25483
18947
30678
25048
17361
3744
10737
15086
7319
16753
7762
27280
19875
15287
8069
20010
18304
20830
278
15652
19910
6703
5113
15287
11931
23367
14889
20479
4986
9416
23952
11601
20275
30670
20007
10702
19763
2213
19294
12856
1542
28985
15550
12293
7450
26573
24013
5554
3014
19952
24882
1370
32138
11181
20249
17799
16793
27395
8921
30792
30100
26517
27604
18564
19865
9889
30111
397
7548
19254
15204
17656
1876
6818
10884
21165
29498
9514
30848
5946
13389
26367
4121
29805
32506
30061
22966
30753
5242
3156
25351
30040
18331
4060
10728
13194
16068
22117
3720
10301
5939
20157
12490
28374
19850
22166
15595
29359
3978
21815
27494
32617
23326
28273
14356
11140
3739
25045
5272
20780
20038
27172
6650
2390
25367
12551
32146
23820
30396
11008
19752
8453
20705
28577
13913
12153
31151
25084
23868
29747
26002
15706
1606
32488
3648
23088
5995
4039
7415
16206
13446
21073
2565
21338
31483
14955
21902
17021
8347
14258
15754
27740
31176
13070
5389
28234
10969
2698
8395
7611
2240
32611
7387
1788
27881
19038
20411
17442
102
19039
20117
16449
16970
312
22208
15070
19794
21183
24714
8102
8395
14883
20277
1632
28847
27008
25151
28448
16658
1968
19431
3773
20668
101
4332
16262
5912
6772
5528
27185
22861
18548
31741
31508
6826
26504
14207
14232
27719
24697
31122
2026
24553
24328
23493
2291
8743
4994
27392
31371
32715
12948
30729
24041
23163
10081
20813
22622
20633
11218
18910
11844
7271
15149
12728
27185
28271
4842
9032
1136
18210
13762
18991
7857
5055
9480
1859
10239
4726
17468
5590
31987
16846
6878
5692
22567
24388
26752
8583
9966
14644
16159
19093
5698
22525
6067
12365
27646
16993
5381
1317
78
24874
26817
12263
27491
17939
3788
27062
15211
23013
21207
32076
18112
13793
21557
2949
28255
11358
31721
31009
25757
17587
6404
27077
19477
11863
5934
27716
17125
28487
898
15389
11802
20904
21407
15429
22888
21678
8955
3878
16159
9404
23163
28647
3162
24269
30273
12526
13689
8978
24006
931
11986
15068
552
28023
7588
21949
14021
3622
5452
8682
30728
6968
13500
17380
5251
13518
14376
29016
27710
30619
21250
13123
14927
28721
26153
4953
7339
21374
26206
14504
20028
8342
1783
14201
18228
4019
31959
6263
14240
29305
28061
23315
4160
27007
24348
30502
3478
4876
15116
8664
31037
5918
15102
22978
5500
13489
20630
32335
26395
13373
24052
30312
20853
25473
21107
10832
14543
32383
32662
21708
7912
10696
14911
28552
28113
25081
7202
16054
25855
1158
31098
16376
23711
21942
24314
128
21289
10223
11271
7797
31032
2100
7460
31129
12185
5100
23214
22314
11170
23525
24521
32006
13765
30872
19866
2066
13925
13231
32439
475
1255
27332
28379
31102
11533
3948
19167
9158
7807
26740
15589
18069
31403
30826
18647
29573
29903
11615
19728
21966
30804
15852
31576
5995
2398
22387
24086
8568
5025
423
15809
15327
7030
23375
31384
20531
1326
5191
11923
21468
26278
18631
11161
7541
5915
8679
10739
10610
28992
24419
15105
4614
31630
11932
21547
15940
27356
29408
1563
3204
13103
25323
13353
31752
6867
8110
24599
6623
939
10319
24063
13578
24261
20336
1161
7646
32305
5556
11617
29865
14612
3455
6633
19352
5624
11262
4139
8152
28518
11112
17425
28156
18103
25219
24792
26015
14631
13673
18114
74
19243
908
20747
32664
32261
14072
14367
5783
25493
22744
25610
17010
9330
20284
17200
5709
11321
10265
31038
32369
28709
5521
31328
16041
992
32629
26293
12267
28825
19977
14848
315
599
20999
9120
32717
32653
28134
6850
10858
32494
25691
725
5140
20354
28705
29758
23021
9978
2294
32077
12373
2625
31206
28528
19283
9299
11467
3239
9782
32594
20245
10552
28284
21463
13255
5540
5618
25222
5826
25817
20509
3045
9542
25257
32473
6766
28598
20091
21056
29410
10395
11841
8141
7905
21740
19882
13505
26040
20877
15768
10182
26490
21013
26580
28115
28242
15572
2817
13903
27159
2069
13006
21113
18977
31904
112
11271
10587
387
22352
3853
154
21778
16896
19233
21293
22317
9076
28605
2486
18625
2159
10213
28472
9361
11579
30985
1136
30007
2973
26924
7529
19557
1288
20550
32075
16241
32017
22759
25715
3345
30755
29726
17609
20579
4724
17561
4174
25904
25399
17677
22005
24945
8212
11737
8372
18450
5333
24038
19674
22775
17250
19153
18339
8765
16367
15436
27914
14018
7540
22209
30686
11751
32349
14649
14360
20628
7555
12925
876
6013
25436
20858
5150
24228
23406
21738
18967
29215
7690
15921
568
22556
566
2949
30702
31778
11243
23890
25863
8090
19073
2781
21444
13197
7015
27175
22319
32687
1303
20244
7598
15005
24137
1484
4569
30563
13671
19554
32137
3137
11330
4020
25393
22191
15363
28562
370
158
30052
20002
13545
11009
4384
28290
11340
8588
25767
26288
8885
31675
3863
26791
5181
20247
29288
9931
8397
22197
19686
22407
4401
13311
1765
7221
12910
11446
2224
20286
31574
2616
11458
32130
12377
32255
8761
3834
31134
12139
21383
25243
8019
22209
9579
24958
24641
2419
8736
19775
5795
7074
25812
19875
7992
15073
22875
381
13975
9788
9253
5842
16579
10105
18029
11835
12031
12701
21172
3467
30691
18610
17774
26034
21936
5832
22011
12257
16097
21050
21464
26095
19714
22834
25623
6652
1477
9839
13068
12628
14931
838
28234
18069
28896
6887
6862
30485
3202
21218
7033
8062
10051
3306
31684
19387
21109
13784
21167
24088
12613
17907
20986
12708
8595
5742
21912
15322
26369
12338
1889
29057
3146
30686
27399
29393
28374
23308
26187
17111
10379
25303
6512
3611
19429
20378
7152
17535
9801
8697
29039
2666
31894
13606
19181
17702
30206
20061
26687
18055
10516
17841
11712
23502
32549
11275
16964
17356
25036
4720
18765
20555
26305
22146
3458
13993
28146
6218
12124
21446
26069
15668
11299
26401
10748
9307
20761
2365
12266
28679
28405
24906
30245
2164
24978
24065
27020
15318
16361
30160
13547
8089
18493
12855
11981
5869
23701
2674
22929
8834
9071
20824
10688
23952
8371
14979
1694
19483
23270
15025
14591
24181
24736
18282
15452
19972
16960
14819
9766
14149
21470
22819
5978
5393
19329
20324
27734
288
3986
3772
7915
24011
18833
26876
3763
19734
4359
24281
9125
6381
17084
27209
32486
28846
22569
18480
11746
8168
21296
1340
5020
8803
4619
21005
31810
14688
8067
25242
3845
26145
21346
23760
4648
28076
22314
6780
13654
18893
25351
17002
22072
11098
18179
31950
29511
29114
5241
18148
16607
15272
31692
10708
5269
30005
12888
22744
6859
1804
29865
31392
2690
2810
30955
8694
19311
10670
26018
14750
16976
1469
8348
26496
14208
22505
2595
11017
3017
8354
30839
15054
12154
4813
1915
25970
4026
7109
4270
31178
28188
11423
24413
31296
22132
10419
29975
8053
9960
7511
29282
28203
24138
9966
30636
25697
9381
10018
4740
447
16917
12397
2826
12085
30684
19166
9636
18912
28595
30234
11507
21805
13662
3233
22534
6208
28291
27730
24781
10903
17596
2098
24272
13290
13803
18281
14880
25430
16078
21901
19086
25019
5075
18467
30492
17251
23597
15715
27057
15588
8999
22588
11025
8007
29624
15768
15115
24425
21080
30433
30965
11426
2323
24004
28757
23205
31196
30005
24033
8871
27427
21427
170
32708
682
717
2964
10910
25236
