23
24
25
30
37
42
43
45
56
59
65
80
90
98
102
107
109
110
138
139
139
149
149
160
176
179
179
182
182
193
194
200
205
212
215
217
219
228
229
241
241
246
257
257
259
263
271
276
277
279
286
294
319
327
333
334
335
337
340
343
356
360
364
366
367
367
377
384
395
397
406
424
429
431
431
434
451
460
460
468
476
478
482
499
506
516
516
533
535
545
549
560
562
564
573
575
583
586
590
591
595
602
605
610
612
617
629
629
635
639
647
653
654
677
686
686
688
689
692
700
702
703
707
713
743
749
755
760
763
767
768
770
772
772
776
776
776
785
785
789
790
796
798
815
822
824
832
835
837
850
857
862
876
893
899
900
907
916
924
926
927
934
941
948
950
951
951
952
954
958
959
961
963
969
988
989
991
992
993
1005
1020
1021
1022
1024
1046
1053
1062
1062
1065
1067
1074
1077
1078
1080
1084
1085
1093
1096
1105
1112
1116
1132
1133
1141
1152
1157
1161
1185
1185
1185
1190
1209
1209
1223
1225
1250
1255
1273
1273
1274
1277
1277
1279
1286
1290
1293
1295
1297
1300
1302
1307
1311
1323
1336
1352
1367
1369
1376
1386
1388
1390
1396
1397
1403
1404
1405
1405
1413
1430
1430
1440
1443
1445
1449
1454
1458
1458
1468
1482
1483
1498
1503
1503
1508
1509
1512
1513
1513
1517
1519
1524
1529
1551
1551
1559
1560
1562
1564
1570
1575
1576
1577
1578
1580
1587
1589
1589
1590
1591
1597
1607
1614
1616
1618
1618
1622
1629
1632
1634
1643
1644
1651
1658
1660
1666
1667
1674
1677
1683
1692
1695
1697
1708
1722
1722
1723
1724
1729
1733
1741
1745
1746
1746
1748
1768
1781
1784
1789
1789
1790
1803
1818
1819
1823
1825
1826
1831
1838
1861
1866
1867
1875
1878
1882
1882
1884
1892
1894
1895
1895
1895
1902
1904
1912
1914
1915
1918
1940
1947
1951
1968
1974
1979
1992
2001
2005
2007
2012
2013
2015
2015
2017
2031
2034
2039
2040
2056
2059
2061
2064
2080
2081
2082
2084
2088
2107
2130
2136
2151
2156
2160
2168
2171
2171
2171
2173
2173
2180
2186
2186
2192
2195
2197
2206
2208
2216
2219
2231
2232
2247
2250
2263
2267
2268
2276
2303
2305
2306
2318
2319
2334
2337
2346
2348
2348
2353
2357
2360
2368
2386
2397
2404
2408
2416
2424
2431
2448
2453
2457
2462
2469
2473
2474
2483
2483
2506
2507
2517
2518
2524
2528
2543
2552
2560
2566
2586
2591
2597
2613
2614
2615
2619
2620
2624
2625
2660
2662
2666
2671
2699
2708
2711
2719
2737
2738
2744
2746
2750
2763
2764
2767
2774
2775
2776
2778
2782
2783
2784
2784
2793
2794
2797
2813
2821
2838
2846
2850
2867
2873
2884
2902
2902
2904
2919
2920
2922
2933
2957
2970
2975
2980
2989
2998
3000
3002
3004
3036
3044
3047
3055
3062
3063
3074
3076
3077
3078
3080
3080
3082
3085
3095
3097
3097
3106
3134
3140
3150
3153
3159
3160
3164
3173
3182
3192
3194
3199
3203
3204
3214
3215
3215
3219
3225
3234
3242
3265
3269
3279
3280
3280
3284
3289
3290
3292
3293
3297
3306
3316
3317
3320
3321
3322
3322
3333
3334
3338
3340
3341
3342
3344
3347
3355
3371
3371
3376
3378
3414
3415
3446
3447
3453
3464
3467
3467
3479
3479
3482
3484
3490
3520
3521
3551
3559
3572
3578
3581
3592
3603
3608
3609
3615
3623
3640
3642
3651
3660
3669
3674
3678
3678
3690
3691
3692
3700
3702
3705
3713
3717
3733
3736
3743
3749
3755
3764
3764
3780
3780
3790
3795
3828
3847
3852
3854
3868
3871
3872
3875
3878
3881
3881
3888
3890
3893
3893
3899
3899
3908
3915
3922
3925
3925
3943
3947
3948
3951
3953
3963
3968
3968
3977
3979
3982
3986
3987
3993
3996
4005
4012
4028
4031
4037
4046
4046
4048
4048
4051
4056
4060
4061
4065
4080
4081
4100
4111
4119
4122
4127
4140
4143
4146
4149
4154
4168
4169
4172
4184
4191
4199
4207
4219
4220
4228
4229
4231
4232
4251
4254
4255
4257
4261
4270
4275
4288
4305
4314
4322
4324
4330
4335
4335
4343
4359
4365
4370
4371
4390
4394
4406
4415
4423
4430
4434
4453
4463
4464
4466
4471
4473
4473
4474
4480
4482
4504
4509
4519
4523
4529
4531
4533
4543
4544
4548
4559
4561
4563
4566
4568
4570
4574
4577
4580
4593
4597
4601
4606
4606
4613
4623
4639
4640
4648
4659
4660
4665
4668
4669
4671
4675
4677
4682
4691
4694
4696
4698
4698
4703
4709
4716
4728
4730
4730
4734
4735
4741
4749
4754
4767
4767
4774
4779
4785
4792
4792
4796
4800
4804
4805
4808
4811
4813
4816
4819
4821
4823
4825
4827
4832
4834
4834
4836
4845
4857
4864
4868
4871
4882
4888
4897
4897
4901
4901
4908
4928
4931
4934
4937
4949
4952
4953
4955
4982
4991
4996
5016
5017
5019
5025
5031
5032
5037
5044
5046
5049
5049
5053
5054
5058
5058
5061
5065
5072
5075
5086
5101
5102
5102
5107
5111
5124
5124
5143
5162
5169
5176
5185
5187
5191
5191
5194
5195
5201
5205
5218
5224
5225
5234
5234
5262
5269
5269
5271
5281
5284
5310
5317
5330
5335
5343
5344
5345
5354
5364
5389
5389
5393
5393
5397
5401
5412
5423
5423
5425
5426
5429
5456
5456
5456
5470
5474
5490
5501
5512
5525
5536
5555
5556
5578
5580
5589
5595
5595
5602
5603
5611
5617
5623
5633
5636
5637
5642
5642
5645
5656
5663
5672
5679
5692
5693
5702
5703
5704
5705
5707
5719
5735
5748
5754
5764
5771
5772
5776
5778
5784
5788
5791
5793
5801
5808
5814
5815
5817
5820
5829
5838
5847
5853
5870
5877
5895
5914
5915
5915
5930
5944
5948
5955
5957
5965
5965
5966
5985
5997
6000
6006
6033
6047
6058
6074
6079
6084
6084
6086
6092
6093
6096
6098
6104
6116
6117
6121
6128
6128
6133
6146
6154
6166
6181
6182
6183
6188
6194
6204
6206
6214
6216
6221
6223
6226
6226
6240
6243
6246
6249
6249
6255
6261
6270
6271
6272
6278
6285
6286
6287
6294
6314
6316
6316
6331
6342
6347
6361
6363
6364
6379
6384
6387
6405
6409
6421
6423
6433
6436
6441
6442
6445
6453
6460
6465
6474
6485
6492
6497
6513
6535
6547
6549
6556
6562
6564
6571
6589
6598
6601
6603
6605
6607
6621
6631
6633
6635
6653
6662
6692
6696
6698
6700
6700
6713
6719
6731
6732
6734
6735
6737
6738
6739
6741
6741
6755
6756
6767
6769
6773
6775
6790
6792
6812
6816
6827
6828
6838
6852
6853
6872
6879
6886
6900
6901
6904
6905
6935
6944
6953
6965
6968
6981
6989
6999
7005
7009
7015
7022
7029
7030
7032
7033
7034
7040
7041
7048
7049
7058
7061
7064
7070
7071
7076
7077
7085
7096
7102
7105
7115
7125
7129
7135
7146
7147
7150
7152
7152
7154
7156
7165
7167
7168
7168
7186
7198
7204
7207
7214
7226
7229
7233
7244
7245
7247
7251
7257
7262
7268
7268
7270
7272
7274
7275
7278
7278
7281
7295
7307
7313
7335
7336
7342
7346
7347
7347
7348
7348
7351
7354
7355
7357
7358
7372
7373
7376
7395
7399
7401
7403
7416
7416
7419
7434
7439
7444
7452
7457
7462
7469
7477
7487
7493
7506
7510
7533
7548
7555
7556
7571
7572
7573
7573
7584
7587
7603
7628
7643
7654
7655
7655
7662
7671
7675
7681
7681
7691
7696
7717
7717
7723
7724
7728
7734
7734
7738
7740
7741
7742
7745
7745
7749
7752
7752
7765
7771
7775
7780
7783
7783
7794
7799
7802
7809
7809
7811
7815
7820
7823
7834
7838
7840
7844
7845
7856
7866
7876
7877
7884
7891
7892
7893
7906
7912
7918
7924
7929
7933
7936
7939
7953
7957
7964
7965
7967
7973
7979
7983
7986
7987
7994
7995
7997
7999
8001
8007
8008
8009
8023
8026
8034
8048
8056
8056
8067
8074
8089
8091
8105
8110
8113
8124
8135
8139
8139
8141
8148
8150
8150
8152
8173
8191
8198
8201
8206
8206
8207
8208
8210
8235
8236
8266
8267
8287
8293
8294
8300
8303
8307
8321
8327
8330
8339
8340
8342
8343
8343
8358
8375
8392
8394
8402
8402
8419
8421
8425
8438
8444
8444
8446
8468
8472
8474
8474
8476
8476
8479
8481
8488
8490
8496
8499
8500
8506
8507
8509
8516
8528
8532
8534
8536
8540
8540
8548
8548
8550
8550
8559
8559
8561
8564
8568
8581
8582
8584
8609
8621
8625
8657
8661
8670
8670
8677
8683
8684
8707
8713
8717
8717
8724
8726
8728
8746
8751
8756
8765
8773
8775
8789
8789
8800
8801
8805
8808
8818
8835
8853
8853
8853
8854
8865
8883
8890
8892
8895
8896
8903
8908
8908
8924
8929
8938
8943
8947
8965
8966
8983
8985
9004
9014
9037
9047
9065
9069
9070
9085
9086
9097
9102
9109
9115
9123
9123
9126
9131
9157
9168
9170
9195
9195
9203
9212
9219
9226
9227
9228
9230
9234
9236
9238
9241
9244
9244
9245
9246
9259
9269
9271
9284
9289
9293
9303
9304
9312
9312
9319
9329
9332
9332
9337
9339
9347
9349
9351
9354
9370
9370
9371
9374
9374
9375
9375
9375
9378
9378
9382
9383
9389
9398
9409
9410
9427
9431
9434
9439
9447
9456
9475
9477
9514
9518
9532
9543
9545
9551
9552
9554
9564
9566
9575
9578
9581
9590
9592
9592
9600
9623
9624
9637
9638
9639
9642
9648
9660
9665
9667
9673
9680
9682
9687
9691
9696
9703
9705
9712
9716
9727
9738
9743
9745
9760
9765
9773
9779
9792
9795
9804
9806
9810
9822
9824
9835
9848
9861
9865
9869
9885
9910
9930
9938
9938
9940
9954
9962
9964
9964
9970
9971
9974
9976
9977
9979
9979
9985
10000
10022
10039
10039
10040
10046
10050
10056
10061
10061
10062
10069
10074
10082
10090
10119
10125
10131
10153
10158
10160
10164
10165
10165
10180
10191
10193
10195
10197
10203
10214
10219
10220
10226
10238
10242
10245
10259
10270
10271
10281
10286
10287
10293
10294
10296
10301
10307
10308
10314
10322
10328
10333
10337
10343
10348
10379
10394
10418
10419
10420
10434
10437
10440
10454
10458
10469
10470
10476
10489
10495
10503
10511
10512
10528
10534
10536
10564
10583
10601
10625
10627
10628
10631
10633
10639
10644
10655
10659
10679
10681
10695
10704
10713
10722
10732
10736
10741
10748
10752
10764
10780
10780
10781
10788
10790
10791
10792
10792
10798
10801
10801
10804
10804
10819
10820
10823
10847
10847
10848
10848
10856
10879
10883
10883
10886
10899
10900
10904
10908
10912
10913
10917
10926
10939
10943
10948
10952
10953
10953
10960
10963
10967
10967
10971
10971
10973
10976
10977
10977
10983
10989
10993
10994
11002
11021
11033
11037
11045
11055
11057
11058
11059
11061
11068
11093
11106
11107
11107
11107
11108
11110
11119
11121
11122
11140
11142
11145
11156
11160
11161
11183
11183
11191
11191
11207
11219
11222
11237
11251
11252
11261
11266
11274
11278
11289
11292
11303
11323
11331
11348
11351
11362
11364
11368
11371
11382
11387
11395
11401
11403
11404
11412
11413
11414
11421
11422
11435
11449
11452
11458
11466
11471
11478
11479
11482
11485
11488
11489
11491
11495
11500
11507
11522
11523
11523
11539
11544
11548
11548
11550
11558
11559
11562
11562
11565
11573
11575
11577
11578
11591
11618
11633
11637
11639
11645
11657
11658
11667
11677
11681
11681
11682
11686
11696
11708
11709
11711
11711
11714
11716
11734
11740
11743
11746
11747
11752
11763
11771
11780
11780
11783
11784
11785
11802
11802
11802
11810
11813
11822
11829
11831
11831
11834
11834
11845
11852
11864
11872
11874
11879
11886
11887
11891
11897
11901
11905
11916
11917
11922
11934
11939
11940
11944
11952
11964
11973
11975
11976
11997
11998
12002
12006
12008
12010
12020
12043
12048
12048
12049
12051
12054
12060
12074
12077
12077
12084
12093
12095
12103
12104
12105
12106
12112
12116
12120
12134
12140
12149
12153
12153
12153
12158
12169
12174
12175
12178
12178
12184
12195
12219
12220
12225
12228
12232
12234
12238
12241
12243
12247
12249
12252
12253
12254
12267
12269
12297
12298
12310
12314
12333
12334
12344
12350
12352
12366
12367
12368
12376
12385
12387
12390
12395
12398
12404
12410
12414
12415
12419
12425
12425
12426
12429
12432
12436
12444
12447
12448
12452
12468
12470
12471
12478
12480
12503
12504
12514
12525
12527
12528
12532
12542
12543
12549
12558
12559
12615
12622
12626
12641
12643
12653
12657
12664
12675
12679
12679
12685
12686
12692
12693
12703
12717
12718
12726
12726
12736
12741
12744
12751
12752
12753
12755
12755
12758
12764
12793
12796
12819
12822
12822
12826
12829
12835
12839
12847
12848
12855
12859
12868
12872
12877
12893
12901
12919
12926
12936
12943
12945
12947
12958
12969
12991
12997
13001
13002
13004
13006
13016
13017
13024
13029
13034
13036
13041
13056
13062
13067
13077
13094
13102
13104
13108
13109
13125
13131
13131
13140
13142
13144
13149
13151
13182
13182
13184
13185
13194
13196
13196
13198
13203
13207
13215
13216
13221
13223
13224
13230
13240
13243
13245
13249
13272
13281
13282
13284
13287
13291
13300
13310
13313
13331
13334
13334
13339
13356
13371
13372
13382
13385
13391
13392
13404
13406
13409
13410
13425
13426
13429
13463
13471
13479
13487
13488
13512
13513
13516
13516
13519
13521
13528
13532
13541
13542
13546
13555
13565
13568
13570
13576
13576
13577
13586
13588
13589
13591
13604
13618
13626
13627
13633
13635
13636
13670
13671
13672
13693
13696
13700
13709
13718
13719
13723
13730
13731
13741
13752
13752
13766
13767
13774
13784
13788
13790
13801
13804
13805
13820
13828
13834
13835
13845
13857
13860
13861
13861
13861
13866
13882
13886
13886
13888
13891
13901
13917
13918
13920
13927
13930
13940
13948
13961
13964
13965
13975
13978
13988
13992
14008
14009
14016
14018
14024
14026
14033
14036
14038
14040
14042
14053
14055
14058
14061
14068
14097
14101
14108
14109
14111
14114
14126
14136
14137
14138
14140
14142
14143
14143
14145
14148
14156
14161
14166
14169
14173
14178
14194
14195
14195
14197
14199
14211
14221
14222
14224
14228
14249
14262
14269
14270
14272
14275
14283
14283
14290
14300
14301
14303
14312
14317
14321
14322
14332
14332
14336
14347
14349
14352
14359
14360
14363
14365
14370
14371
14376
14379
14381
14384
14397
14397
14406
14410
14411
14414
14417
14433
14456
14456
14457
14460
14461
14464
14468
14473
14474
14478
14479
14481
14482
14484
14488
14491
14499
14510
14522
14524
14528
14537
14543
14550
14560
14561
14565
14567
14567
14571
14571
14578
14585
14587
14589
14617
14619
14619
14626
14628
14657
14661
14663
14667
14677
14677
14680
14681
14686
14693
14698
14716
14718
14718
14720
14721
14727
14746
14748
14775
14776
14787
14793
14798
14801
14802
14812
14816
14843
14845
14858
14858
14887
14891
14897
14908
14911
14922
14931
14936
14942
14944
14964
14967
14978
14980
14981
14988
14990
14993
14997
15016
15021
15026
15031
15044
15044
15072
15073
15085
15093
15104
15117
15117
15124
15124
15126
15130
15130
15133
15143
15152
15156
15165
15184
15184
15189
15195
15197
15201
15203
15204
15209
15218
15219
15225
15226
15247
15249
15252
15264
15270
15275
15296
15303
15305
15307
15332
15334
15347
15369
15381
15392
15418
15419
15420
15423
15425
15426
15440
15441
15452
15452
15458
15468
15471
15474
15477
15479
15492
15495
15505
15516
15521
15522
15532
15537
15543
15544
15555
15555
15564
15565
15570
15577
15578
15579
15580
15583
15583
15585
15598
15602
15625
15628
15629
15629
15641
15659
15674
15677
15681
15684
15688
15692
15698
15699
15702
15709
15711
15717
15723
15733
15748
15754
15763
15767
15772
15786
15786
15797
15798
15805
15806
15816
15818
15820
15822
15824
15828
15832
15843
15846
15856
15857
15865
15870
15896
15901
15901
15907
15907
15924
15928
15930
15932
15935
15940
15945
15947
15960
15962
15963
15965
15968
15974
15991
15995
15999
16004
16007
16016
16016
16025
16031
16039
16049
16050
16051
16055
16055
16055
16060
16061
16069
16097
16098
16106
16117
16123
16123
16129
16133
16144
16150
16161
16176
16177
16183
16186
16199
16211
16221
16222
16224
16228
16229
16233
16234
16236
16255
16262
16272
16281
16282
16286
16304
16311
16316
16324
16342
16348
16354
16363
16368
16368
16370
16373
16373
16385
16389
16389
16390
16408
16411
16415
16421
16429
16431
16434
16441
16450
16459
16462
16462
16474
16497
16499
16503
16505
16513
16519
16523
16535
16539
16541
16558
16564
16569
16575
16577
16585
16585
16590
16591
16595
16602
16604
16611
16613
16614
16622
16642
16664
16676
16689
16689
16695
16704
16706
16721
16742
16742
16745
16765
16766
16769
16769
16772
16780
16790
16791
16803
16825
16836
16845
16851
16856
16869
16872
16873
16881
16882
16882
16889
16911
16914
16917
16935
16947
16960
16964
16969
16972
16979
16983
16983
16999
17010
17014
17017
17027
17041
17046
17058
17060
17065
17073
17078
17081
17095
17103
17110
17110
17118
17127
17128
17129
17141
17148
17161
17177
17185
17192
17194
17208
17209
17210
17215
17218
17218
17222
17228
17243
17254
17255
17261
17266
17271
17272
17276
17299
17300
17308
17309
17310
17323
17325
17338
17339
17349
17355
17358
17362
17363
17367
17380
17381
17382
17382
17383
17389
17391
17393
17405
17407
17408
17410
17411
17415
17415
17419
17430
17435
17439
17441
17444
17446
17453
17453
17453
17454
17454
17459
17463
17466
17491
17496
17496
17509
17538
17539
17543
17549
17554
17555
17560
17567
17571
17572
17577
17591
17599
17601
17603
17609
17622
17629
17629
17638
17639
17668
17671
17679
17683
17689
17692
17697
17698
17705
17708
17708
17713
17716
17719
17727
17738
17745
17751
17753
17755
17756
17757
17763
17764
17766
17771
17782
17790
17797
17799
17804
17818
17833
17837
17840
17849
17853
17854
17856
17862
17868
17872
17873
17881
17886
17887
17890
17896
17896
17896
17897
17903
17910
17925
17935
17937
17964
17966
17977
17980
17996
18000
18010
18012
18015
18020
18021
18025
18035
18037
18039
18040
18042
18042
18049
18054
18064
18067
18075
18076
18079
18080
18082
18086
18091
18101
18108
18108
18110
18111
18119
18129
18132
18132
18137
18142
18144
18152
18170
18172
18175
18197
18197
18197
18199
18199
18199
18199
18200
18204
18205
18208
18209
18214
18217
18219
18223
18224
18224
18228
18232
18236
18251
18251
18255
18278
18284
18286
18290
18295
18299
18306
18307
18312
18314
18314
18321
18323
18325
18334
18339
18340
18343
18349
18352
18365
18371
18372
18375
18376
18386
18395
18404
18414
18417
18419
18453
18462
18466
18468
18475
18480
18483
18486
18493
18500
18501
18504
18508
18512
18513
18513
18514
18516
18518
18534
18534
18540
18544
18546
18557
18557
18595
18597
18604
18616
18634
18638
18646
18653
18662
18662
18694
18697
18700
18702
18702
18704
18725
18725
18745
18748
18752
18760
18761
18764
18764
18766
18766
18774
18774
18777
18781
18783
18790
18794
18799
18801
18801
18809
18824
18830
18834
18835
18839
18841
18846
18849
18859
18868
18882
18886
18886
18889
18897
18899
18917
18918
18919
18942
18942
18952
18954
18954
18956
18962
18978
18987
18993
18993
19022
19026
19029
19031
19032
19033
19035
19040
19040
19045
19052
19065
19070
19080
19088
19096
19111
19123
19148
19173
19177
19184
19186
19191
19192
19192
19196
19196
19196
19197
19202
19213
19215
19227
19228
19228
19233
19233
19239
19239
19242
19253
19275
19280
19282
19286
19287
19287
19289
19291
19303
19314
19319
19328
19333
19338
19352
19353
19355
19356
19362
19364
19386
19391
19393
19406
19409
19410
19413
19418
19426
19428
19434
19444
19445
19451
19455
19458
19463
19465
19469
19473
19488
19494
19500
19502
19519
19535
19538
19548
19549
19556
19559
19566
19572
19580
19587
19598
19598
19601
19603
19621
19624
19633
19633
19652
19653
19660
19662
19670
19685
19691
19693
19695
19700
19703
19704
19709
19711
19725
19734
19751
19755
19756
19757
19772
19785
19793
19793
19805
19811
19811
19817
19826
19831
19832
19832
19835
19844
19851
19865
19875
19876
19882
19891
19894
19903
19907
19910
19910
19913
19918
19919
19925
19938
19944
19954
19966
19969
19978
19981
19989
19990
19996
20002
20010
20012
20014
20016
20018
20021
20030
20031
20031
20043
20049
20068
20076
20078
20090
20106
20108
20115
20121
20126
20128
20128
20137
20145
20147
20157
20164
20172
20176
20177
20177
20178
20180
20184
20208
20211
20212
20219
20226
20232
20234
20259
20264
20268
20269
20273
20276
20277
20286
20288
20299
20299
20301
20317
20329
20332
20334
20344
20351
20363
20367
20376
20377
20379
20383
20394
20403
20414
20417
20420
20425
20426
20427
20431
20434
20441
20444
20446
20451
20454
20455
20463
20464
20469
20471
20483
20487
20496
20505
20507
20510
20513
20525
20528
20537
20548
20549
20568
20570
20573
20581
20585
20588
20594
20596
20605
20609
20609
20610
20617
20622
20632
20633
20634
20642
20643
20649
20654
20657
20661
20665
20671
20680
20681
20689
20690
20691
20695
20700
20701
20708
20714
20728
20728
20730
20731
20734
20735
20736
20737
20741
20748
20752
20768
20772
20773
20784
20801
20809
20813
20816
20825
20831
20839
20862
20862
20891
20894
20904
20904
20907
20909
20915
20919
20931
20934
20947
20953
20963
20975
20978
20979
20980
20986
20990
20994
20994
20994
20999
21001
21003
21004
21010
21014
21020
21020
21020
21022
21023
21030
21039
21045
21048
21049
21052
21057
21085
21092
21113
21115
21122
21123
21123
21127
21133
21137
21149
21161
21164
21173
21184
21187
21188
21191
21194
21198
21201
21204
21204
21213
21226
21228
21241
21242
21248
21258
21264
21271
21273
21274
21274
21280
21289
21290
21295
21298
21299
21301
21310
21311
21315
21317
21329
21329
21342
21349
21354
21357
21361
21367
21368
21370
21372
21376
21394
21397
21407
21408
21411
21415
21422
21429
21436
21442
21442
21446
21448
21450
21450
21451
21454
21469
21486
21504
21514
21519
21520
21521
21522
21526
21526
21526
21527
21530
21540
21550
21553
21556
21556
21556
21566
21574
21575
21577
21593
21597
21598
21601
21609
21610
21615
21617
21625
21625
21628
21632
21640
21640
21642
21644
21647
21695
21695
21704
21708
21712
21721
21727
21728
21735
21747
21749
21754
21757
21763
21766
21767
21780
21792
21798
21805
21809
21813
21819
21821
21833
21848
21851
21856
21866
21867
21870
21890
21897
21900
21903
21913
21916
21922
21924
21925
21931
21935
21936
21937
21940
21951
21959
21964
21969
21974
21976
21977
21986
21987
21998
22000
22004
22004
22005
22007
22013
22027
22034
22046
22046
22052
22054
22056
22058
22060
22065
22069
22070
22075
22083
22086
22109
22118
22123
22126
22127
22130
22136
22137
22139
22146
22149
22158
22169
22176
22192
22203
22206
22212
22216
22222
22224
22229
22247
22262
22275
22280
22292
22299
22305
22308
22313
22317
22319
22327
22329
22330
22330
22336
22341
22344
22347
22349
22357
22360
22373
22374
22384
22385
22389
22397
22407
22412
22415
22427
22438
22445
22451
22461
22475
22478
22485
22496
22499
22500
22511
22520
22522
22532
22536
22544
22562
22562
22564
22564
22564
22573
22574
22575
22578
22586
22595
22596
22599
22607
22609
22629
22634
22641
22642
22645
22646
22654
22662
22677
22679
22683
22685
22704
22713
22721
22721
22726
22729
22740
22741
22744
22751
22756
22760
22763
22764
22769
22770
22773
22777
22789
22791
22797
22804
22809
22810
22811
22815
22815
22836
22837
22841
22842
22842
22849
22856
22857
22859
22869
22871
22877
22885
22897
22912
22919
22923
22927
22933
22942
22946
22947
22950
22953
22959
22959
22961
22968
22978
22981
22981
22984
22990
22999
23030
23032
23035
23054
23056
23071
23082
23083
23095
23095
23099
23100
23103
23104
23110
23116
23116
23121
23126
23127
23136
23136
23142
23158
23168
23182
23191
23192
23200
23204
23205
23212
23220
23220
23247
23247
23251
23269
23274
23283
23288
23290
23295
23297
23299
23316
23324
23325
23329
23345
23346
23357
23362
23365
23376
23390
23409
23413
23421
23432
23437
23438
23438
23449
23452
23465
23467
23499
23509
23516
23522
23530
23531
23535
23539
23545
23560
23578
23586
23588
23599
23613
23615
23615
23615
23622
23626
23627
23628
23629
23630
23633
23638
23643
23647
23655
23657
23662
23669
23683
23687
23693
23712
23714
23730
23731
23741
23743
23744
23746
23758
23758
23759
23760
23767
23778
23779
23784
23787
23788
23790
23797
23807
23807
23808
23814
23819
23820
23828
23828
23834
23836
23840
23841
23848
23855
23859
23862
23863
23880
23883
23883
23893
23901
23906
23906
23919
23926
23928
23935
23942
23963
23966
23967
23967
23973
23976
23981
23982
23990
23992
23998
24008
24020
24021
24023
24025
24029
24040
24055
24056
24065
24105
24106
24117
24123
24139
24141
24145
24146
24158
24163
24165
24187
24190
24193
24196
24204
24205
24207
24213
24222
24230
24232
24233
24234
24237
24241
24244
24248
24249
24258
24259
24272
24275
24278
24314
24314
24315
24322
24326
24328
24330
24338
24346
24349
24361
24371
24383
24385
24388
24394
24405
24409
24416
24420
24422
24426
24428
24431
24435
24441
24442
24448
24453
24455
24461
24471
24493
24504
24515
24517
24521
24522
24539
24541
24551
24552
24555
24555
24570
24574
24575
24581
24582
24587
24592
24593
24596
24602
24602
24609
24611
24618
24623
24629
24636
24636
24653
24655
24657
24668
24692
24698
24702
24702
24703
24711
24715
24716
24719
24730
24737
24740
24742
24747
24754
24782
24792
24794
24805
24809
24818
24826
24837
24837
24846
24856
24864
24879
24891
24896
24903
24918
24935
24946
24947
24947
24948
24951
24951
24960
24961
24966
24985
25007
25021
25027
25027
25027
25030
25032
25044
25045
25048
25059
25062
25065
25068
25069
25091
25099
25113
25126
25132
25165
25182
25183
25189
25197
25204
25212
25216
25217
25227
25227
25255
25263
25265
25269
25271
25279
25280
25281
25290
25290
25297
25303
25310
25336
25338
25340
25348
25352
25356
25360
25365
25366
25382
25384
25389
25396
25420
25442
25446
25451
25467
25476
25481
25489
25502
25515
25516
25520
25526
25533
25538
25538
25539
25540
25542
25545
25546
25550
25551
25567
25569
25574
25580
25581
25595
25597
25600
25605
25610
25620
25636
25651
25666
25673
25675
25677
25687
25689
25697
25708
25716
25738
25744
25751
25751
25778
25793
25793
25796
25798
25804
25812
25814
25817
25820
25830
25833
25840
25854
25861
25862
25865
25868
25878
25883
25883
25913
25920
25938
25945
25945
25955
25959
25960
25968
25972
25972
25981
25995
25996
25998
26006
26009
26018
26027
26033
26038
26041
26044
26047
26053
26066
26077
26083
26084
26086
26088
26093
26094
26096
26100
26126
26135
26140
26142
26143
26151
26163
26171
26176
26177
26201
26201
26208
26215
26219
26220
26228
26236
26246
26251
26252
26254
26258
26263
26269
26276
26289
26292
26303
26307
26311
26315
26352
26355
26372
26379
26380
26383
26384
26384
26388
26389
26390
26396
26405
26407
26415
26416
26435
26437
26441
26448
26458
26460
26461
26479
26487
26504
26511
26519
26524
26524
26529
26530
26531
26532
26553
26555
26557
26566
26571
26581
26589
26590
26598
26603
26603
26610
26614
26614
26641
26645
26652
26655
26658
26658
26663
26667
26672
26673
26691
26695
26698
26707
26707
26710
26714
26724
26736
26737
26739
26742
26746
26748
26750
26750
26756
26767
26778
26782
26787
26791
26799
26799
26801
26803
26807
26809
26811
26813
26815
26819
26820
26828
26830
26834
26834
26841
26841
26849
26849
26860
26861
26865
26870
26876
26896
26899
26901
26913
26922
26926
26929
26931
26935
26943
26950
26950
26955
26956
26971
26974
26975
26992
26995
26997
27000
27021
27030
27036
27037
27046
27054
27059
27059
27071
27073
27083
27084
27084
27087
27094
27106
27108
27109
27111
27116
27116
27123
27127
27129
27132
27158
27160
27167
27167
27168
27168
27178
27181
27187
27202
27215
27215
27221
27222
27224
27229
27232
27236
27236
27238
27243
27248
27249
27254
27254
27258
27261
27283
27296
27313
27319
27319
27330
27338
27340
27340
27344
27348
27359
27380
27382
27385
27403
27409
27412
27414
27424
27433
27445
27445
27448
27450
27452
27453
27459
27472
27473
27477
27493
27529
27536
27543
27559
27561
27579
27583
27584
27589
27593
27598
27613
27618
27619
27623
27639
27653
27658
27664
27673
27674
27677
27683
27684
27694
27694
27697
27704
27726
27733
27754
27757
27758
27772
27772
27774
27795
27799
27800
27803
27806
27807
27837
27841
27852
27853
27853
27873
27879
27880
27894
27905
27916
27921
27921
27937
27941
27944
27944
27963
27964
27972
27977
27980
27991
27993
27994
28004
28010
28013
28018
28019
28022
28028
28031
28038
28039
28052
28071
28073
28078
28081
28090
28095
28108
28114
28115
28127
28128
28136
28146
28152
28153
28160
28172
28182
28188
28189
28195
28211
28213
28215
28217
28224
28226
28226
28228
28233
28240
28243
28252
28258
28259
28271
28274
28277
28289
28294
28306
28307
28313
28319
28330
28333
28338
28343
28353
28357
28359
28360
28362
28367
28390
28398
28401
28406
28406
28408
28410
28415
28415
28444
28446
28451
28451
28455
28459
28468
28478
28484
28484
28485
28500
28504
28517
28522
28529
28529
28531
28537
28541
28552
28560
28560
28567
28571
28573
28583
28587
28587
28591
28592
28596
28607
28607
28609
28612
28612
28613
28624
28628
28645
28650
28651
28651
28655
28668
28679
28681
28682
28684
28690
28704
28708
28709
28713
28714
28717
28732
28736
28743
28744
28773
28777
28781
28782
28783
28785
28801
28828
28830
28832
28836
28839
28841
28847
28858
28861
28869
28875
28875
28886
28890
28898
28900
28903
28905
28908
28911
28924
28925
28929
28930
28930
28931
28931
28943
28963
28990
28991
28996
29003
29007
29009
29016
29025
29028
29030
29044
29054
29057
29062
29063
29064
29072
29078
29082
29082
29084
29103
29110
29116
29125
29126
29137
29145
29147
29150
29159
29160
29162
29168
29169
29175
29179
29187
29188
29188
29189
29190
29191
29192
29205
29209
29214
29215
29217
29221
29225
29228
29240
29242
29256
29256
29260
29269
29272
29277
29280
29286
29287
29293
29295
29308
29316
29317
29323
29328
29333
29334
29339
29344
29350
29350
29353
29353
29357
29359
29362
29367
29367
29373
29378
29385
29386
29388
29390
29395
29413
29415
29416
29423
29424
29434
29441
29442
29449
29449
29460
29461
29461
29465
29480
29485
29498
29498
29528
29532
29538
29542
29547
29565
29568
29570
29590
29599
29614
29619
29624
29624
29626
29634
29635
29639
29641
29654
29670
29682
29695
29706
29712
29715
29727
29732
29733
29739
29742
29746
29753
29754
29756
29763
29767
29772
29773
29781
29804
29805
29811
29814
29817
29825
29830
29838
29841
29848
29852
29861
29870
29878
29886
29900
29909
29911
29916
29929
29935
29937
29948
29949
29957
29968
29973
29989
29990
29992
30000
30000
30001
30007
30024
30047
30060
30066
30082
30087
30090
30110
30111
30113
30114
30118
30119
30121
30123
30148
30151
30160
30161
30164
30165
30170
30179
30185
30189
30193
30194
30195
30196
30203
30209
30215
30219
30223
30229
30230
30234
30258
30259
30262
30270
30280
30280
30293
30297
30301
30312
30324
30335
30342
30351
30365
30368
30378
30388
30403
30403
30405
30406
30406
30410
30421
30422
30423
30441
30446
30446
30461
30468
30476
30476
30484
30486
30486
30491
30493
30502
30505
30511
30516
30520
30520
30524
30535
30537
30538
30541
30547
30548
30556
30556
30570
30572
30573
30584
30589
30598
30606
30608
30617
30624
30630
30640
30645
30647
30649
30655
30660
30666
30678
30681
30686
30693
30698
30702
30710
30712
30713
30717
30718
30723
30725
30729
30730
30738
30748
30748
30760
30767
30773
30782
30789
30795
30798
30800
30807
30808
30818
30826
30834
30837
30845
30849
30851
30855
30858
30867
30869
30870
30873
30875
30895
30899
30903
30907
30919
30922
30927
30939
30942
30946
30956
30960
30961
30967
30973
30983
30991
30993
30994
30997
31012
31014
31031
31040
31043
31045
31048
31049
31053
31055
31057
31086
31086
31089
31101
31108
31109
31110
31112
31113
31113
31122
31134
31136
31137
31139
31144
31145
31147
31149
31161
31169
31171
31175
31200
31205
31208
31209
31224
31227
31228
31236
31236
31242
31246
31252
31256
31259
31266
31267
31267
31282
31287
31288
31296
31308
31313
31317
31323
31331
31332
31335
31336
31349
31354
31356
31361
31361
31361
31362
31364
31369
31371
31374
31378
31381
31401
31402
31406
31406
31410
31413
31416
31423
31427
31434
31441
31448
31450
31454
31475
31481
31483
31497
31497
31500
31500
31518
31519
31523
31524
31524
31525
31527
31528
31529
31545
31545
31553
31555
31563
31569
31578
31584
31585
31585
31587
31592
31593
31595
31596
31603
31603
31609
31613
31614
31615
31619
31642
31646
31658
31662
31667
31669
31677
31682
31686
31700
31702
31703
31706
31707
31709
31724
31728
31732
31746
31755
31767
31773
31778
31784
31787
31808
31822
31849
31851
31854
31862
31863
31871
31871
31875
31875
31876
31879
31880
31884
31886
31888
31888
31891
31893
31898
31899
31902
31910
31917
31918
31934
31960
31968
31969
31969
31971
31974
31974
32001
32003
32012
32015
32016
32029
32030
32052
32053
32056
32062
32070
32081
32082
32090
32096
32102
32105
32107
32115
32118
32120
32120
32125
32127
32134
32146
32148
32152
32156
32177
32181
32183
32191
32195
32196
32197
32199
32211
32213
32232
32235
32236
32236
32253
32265
32267
32277
32279
32280
32283
32295
32300
32300
32301
32301
32310
32315
32317
32321
32323
32325
32326
32326
32327
32331
32333
32333
32339
32345
32365
32371
32373
32377
32379
32380
32395
32417
32419
32421
32425
32426
32427
32428
32429
32446
32474
32476
32480
32480
32483
32498
32502
32505
32516
32518
32524
32526
32533
32541
32541
32544
32554
32554
32555
32556
32556
32557
32562
32570
32579
32579
32586
32593
32593
32616
32619
32620
32625
32636
32636
32641
32641
32651
32656
32656
32657
32668
32671
32672
32673
32678
32680
32681
32688
32689
32691
32694
32696
32699
32709
32711
32720
32727
32736
32737
32738
32739
32742
32747
