3
4
8
9
12
20
24
31
35
39
58
67
70
71
83
85
88
99
101
121
129
132
137
139
139
142
146
153
165
168
189
201
205
212
216
216
245
253
259
259
269
304
305
333
351
362
369
377
378
391
397
398
403
403
415
421
423
429
437
440
444
452
456
468
471
485
485
488
502
521
522
527
528
553
563
568
573
579
581
594
598
603
606
606
608
617
617
628
630
647
650
653
655
658
661
679
684
691
692
692
693
693
695
709
731
734
744
751
759
763
763
767
768
768
773
773
778
786
786
788
813
839
845
846
850
868
891
898
917
922
930
935
943
952
979
1005
1008
1028
1041
1052
1064
1085
1105
1124
1131
1135
1135
1154
1162
1173
1206
1221
1226
1227
1229
1244
1257
1265
1268
1271
1276
1278
1281
1286
1320
1339
1348
1360
1364
1364
1366
1382
1390
1405
1408
1411
1444
1445
1448
1458
1466
1472
1476
1479
1482
1494
1495
1503
1516
1523
1527
1528
1534
1538
1552
1563
1565
1570
1575
1576
1588
1606
1610
1620
1627
1654
1661
1662
1670
1675
1683
1683
1692
1697
1699
1699
1701
1711
1721
1725
1728
1730
1731
1737
1741
1770
1776
1792
1799
1807
1810
1813
1814
1818
1818
1827
1828
1848
1849
1851
1852
1881
1887
1890
1899
1903
1905
1912
1915
1920
1927
1932
1935
1951
1954
1967
1969
1970
1984
1991
1991
1997
2021
2039
2043
2061
2064
2073
2085
2088
2093
2094
2125
2125
2137
2139
2140
2150
2151
2173
2178
2183
2186
2192
2211
2222
2224
2232
2242
2257
2263
2264
2269
2280
2280
2282
2295
2305
2307
2322
2334
2343
2344
2357
2364
2370
2382
2403
2406
2410
2425
2426
2429
2432
2435
2444
2452
2461
2466
2469
2474
2486
2489
2497
2508
2510
2514
2516
2530
2534
2538
2545
2549
2565
2572
2574
2622
2625
2649
2650
2651
2658
2662
2670
2695
2700
2702
2718
2718
2732
2732
2737
2751
2782
2786
2792
2792
2794
2796
2809
2814
2815
2815
2815
2819
2823
2829
2829
2839
2845
2851
2858
2880
2883
2884
2885
2900
2910
2914
2922
2923
2942
2946
2964
2980
2989
2990
2997
3005
3005
3022
3029
3055
3059
3061
3063
3068
3075
3078
3079
3080
3080
3083
3084
3093
3110
3114
3123
3128
3145
3148
3161
3171
3179
3187
3192
3196
3196
3198
3200
3205
3212
3215
3217
3217
3220
3220
3223
3227
3232
3240
3244
3248
3256
3278
3281
3281
3282
3292
3318
3320
3323
3332
3336
3338
3338
3339
3340
3348
3360
3362
3370
3379
3388
3400
3425
3429
3445
3445
3454
3477
3480
3495
3505
3525
3547
3554
3554
3558
3566
3569
3573
3576
3586
3592
3592
3596
3603
3611
3617
3637
3637
3640
3644
3650
3651
3666
3670
3671
3671
3695
3709
3716
3737
3742
3766
3777
3780
3795
3799
3815
3815
3830
3834
3839
3843
3845
3849
3850
3856
3885
3902
3912
3914
3915
3916
3919
3925
3929
3930
3935
3936
3946
3954
3968
3969
3987
4009
4010
4015
4020
4030
4059
4075
4088
4090
4099
4101
4120
4141
4167
4172
4179
4189
4193
4198
4202
4205
4208
4208
4218
4231
4248
4253
4255
4265
4278
4287
4299
4301
4305
4333
4345
4346
4361
4362
4371
4402
4404
4410
4416
4429
4441
4442
4444
4447
4452
4458
4464
4468
4485
4486
4493
4496
4511
4514
4515
4521
4524
4546
4546
4549
4562
4566
4580
4583
4591
4593
4599
4604
4605
4617
4638
4638
4640
4654
4667
4690
4693
4698
4705
4711
4718
4718
4720
4721
4728
4733
4738
4749
4750
4750
4756
4757
4770
4784
4809
4816
4821
4827
4836
4841
4852
4854
4858
4867
4868
4872
4879
4898
4912
4928
4940
4941
4948
4951
4953
4958
4961
4966
4969
4970
4977
4983
4985
4985
4999
5015
5022
5028
5030
5032
5033
5038
5041
5044
5058
5081
5084
5086
5089
5105
5119
5136
5138
5152
5158
5161
5169
5175
5180
5193
5202
5226
5230
5233
5234
5241
5242
5246
5251
5253
5259
5268
5281
5284
5289
5293
5300
5312
5319
5344
5345
5352
5371
5384
5388
5389
5396
5398
5398
5408
5416
5417
5418
5423
5433
5436
5446
5450
5456
5465
5466
5470
5472
5485
5488
5491
5494
5517
5519
5520
5525
5532
5536
5537
5540
5541
5547
5555
5558
5560
5584
5584
5603
5606
5610
5635
5638
5643
5646
5668
5675
5694
5712
5714
5715
5722
5722
5728
5732
5754
5758
5760
5765
5769
5771
5775
5778
5783
5783
5792
5793
5794
5794
5797
5808
5821
5842
5844
5845
5848
5850
5854
5857
5859
5865
5872
5874
5876
5881
5915
5920
5932
5937
5939
5943
5945
5946
5950
5970
5984
5985
5987
5987
5991
5994
6003
6006
6008
6025
6030
6040
6048
6064
6065
6070
6089
6091
6100
6102
6118
6122
6125
6126
6129
6141
6146
6149
6153
6157
6161
6167
6170
6190
6204
6204
6206
6209
6209
6219
6231
6241
6266
6272
6287
6305
6327
6332
6336
6340
6341
6344
6345
6354
6358
6366
6369
6382
6388
6395
6396
6402
6413
6421
6422
6424
6426
6427
6430
6430
6431
6440
6441
6446
6450
6460
6490
6491
6500
6502
6502
6508
6513
6533
6549
6550
6557
6561
6562
6572
6575
6576
6582
6586
6586
6586
6602
6611
6612
6615
6619
6621
6631
6635
6636
6637
6645
6651
6667
6667
6675
6676
6688
6702
6708
6723
6731
6731
6753
6762
6763
6766
6767
6782
6784
6811
6817
6823
6824
6826
6831
6833
6834
6844
6846
6849
6850
6850
6851
6860
6860
6872
6875
6881
6885
6890
6890
6896
6910
6915
6923
6925
6928
6932
6955
6964
6975
7004
7007
7016
7030
7043
7043
7048
7049
7054
7055
7091
7099
7121
7131
7148
7158
7161
7178
7178
7193
7205
7210
7221
7234
7237
7239
7245
7251
7262
7271
7285
7288
7298
7299
7300
7301
7321
7328
7358
7372
7389
7406
7406
7419
7432
7435
7438
7446
7448
7468
7473
7475
7481
7483
7492
7507
7523
7528
7534
7535
7538
7544
7544
7545
7547
7549
7578
7580
7582
7592
7604
7611
7619
7629
7639
7639
7646
7658
7665
7668
7682
7688
7688
7694
7701
7718
7719
7727
7728
7730
7737
7738
7750
7757
7761
7768
7774
7785
7790
7793
7804
7809
7811
7813
7849
7857
7863
7886
7898
7901
7912
7952
7953
7966
7970
7975
7976
7981
7997
8001
8010
8029
8034
8042
8045
8046
8060
8061
8079
8080
8081
8090
8092
8100
8117
8120
8124
8125
8125
8148
8159
8168
8171
8172
8174
8186
8188
8194
8202
8211
8217
8243
8245
8246
8250
8252
8252
8256
8257
8266
8275
8283
8313
8324
8324
8324
8327
8339
8351
8352
8357
8361
8378
8380
8381
8383
8383
8396
8399
8411
8414
8421
8431
8437
8437
8445
8477
8490
8491
8496
8503
8505
8507
8510
8514
8514
8526
8529
8535
8545
8552
8553
8582
8591
8595
8596
8606
8631
8644
8652
8658
8672
8686
8695
8700
8703
8706
8709
8716
8720
8722
8724
8732
8738
8741
8752
8756
8764
8768
8785
8799
8803
8804
8807
8827
8828
8831
8833
8835
8835
8852
8853
8871
8884
8885
8901
8907
8919
8922
8930
8930
8937
8938
8941
8962
8971
8983
8987
8991
9006
9009
9023
9029
9048
9050
9053
9072
9074
9076
9077
9079
9081
9086
9094
9107
9118
9122
9125
9129
9133
9159
9180
9190
9193
9197
9204
9223
9228
9251
9260
9265
9266
9282
9298
9299
9301
9316
9321
9324
9328
9341
9344
9354
9359
9370
9387
9388
9389
9401
9407
9421
9425
9425
9429
9449
9451
9463
9466
9488
9499
9503
9507
9515
9524
9526
9527
9531
9535
9546
9555
9566
9583
9594
9601
9616
9624
9662
9693
9694
9695
9695
9699
9730
9734
9740
9754
9766
9770
9774
9782
9783
9783
9790
9803
9814
9818
9827
9843
9846
9847
9847
9850
9856
9858
9858
9868
9868
9921
9923
9934
9941
9951
9958
9963
9964
9977
9983
9988
10000
10016
10030
10032
10035
10039
10047
10048
10057
10075
10083
10089
10103
10106
10127
10139
10141
10143
10146
10150
10155
10163
10165
10167
10171
10184
10184
10193
10198
10199
10202
10202
10204
10224
10234
10252
10264
10270
10273
10282
10287
10287
10293
10309
10309
10313
10319
10342
10344
10350
10365
10377
10378
10390
10396
10406
10411
10415
10419
10425
10430
10466
10467
10468
10468
10482
10485
10489
10504
10518
10532
10539
10540
10557
10558
10574
10597
10597
10600
10600
10606
10607
10630
10637
10640
10642
10652
10657
10666
10668
10678
10679
10680
10684
10688
10698
10708
10713
10724
10733
10745
10746
10747
10765
10773
10777
10789
10794
10795
10797
10798
10805
10806
10807
10809
10820
10823
10824
10832
10842
10843
10849
10855
10867
10869
10882
10883
10886
10904
10906
10909
10915
10923
10929
10945
10951
10955
10961
10966
10970
10974
10976
10976
10980
10991
10999
11001
11007
11011
11014
11026
11044
11047
11049
11051
11052
11056
11073
11080
11091
11096
11099
11105
11110
11127
11128
11134
11149
11156
11158
11159
11176
11183
11211
11211
11217
11221
11221
11223
11237
11261
11271
11299
11300
11319
11320
11324
11347
11367
11373
11383
11395
11410
11417
11427
11430
11431
11435
11452
11453
11455
11471
11472
11473
11483
11486
11493
11495
11502
11508
11520
11521
11554
11558
11560
11560
11567
11568
11569
11570
11574
11576
11592
11593
11597
11620
11626
11630
11638
11650
11652
11670
11681
11707
11714
11736
11755
11763
11771
11781
11787
11788
11812
11825
11827
11830
11845
11849
11859
11860
11872
11874
11875
11886
11888
11888
11896
11906
11918
11957
11957
11960
11977
11978
11983
11986
11989
11999
12003
12012
12018
12019
12027
12048
12060
12066
12073
12081
12082
12082
12083
12088
12100
12121
12126
12129
12133
12135
12136
12147
12151
12155
12158
12166
12180
12187
12193
12200
12205
12223
12229
12238
12249
12251
12254
12274
12275
12276
12280
12280
12289
12293
12295
12296
12300
12312
12322
12324
12341
12344
12344
12353
12355
12358
12365
12376
12406
12425
12425
12432
12438
12452
12460
12464
12488
12488
12500
12515
12517
12525
12531
12537
12537
12541
12546
12547
12559
12561
12567
12572
12584
12589
12606
12618
12619
12626
12629
12634
12644
12670
12675
12693
12695
12698
12704
12706
12709
12714
12722
12725
12729
12729
12733
12735
12746
12755
12779
12782
12800
12808
12809
12817
12825
12833
12837
12840
12844
12864
12878
12882
12888
12889
12891
12896
12907
12912
12920
12930
12936
12978
13004
13009
13020
13037
13063
13076
13079
13101
13114
13120
13124
13132
13137
13139
13142
13143
13145
13145
13156
13163
13163
13165
13175
13178
13179
13192
13196
13201
13207
13208
13209
13226
13232
13239
13240
13245
13245
13245
13250
13253
13257
13261
13269
13285
13290
13296
13303
13310
13316
13316
13335
13338
13341
13345
13357
13359
13360
13361
13362
13367
13384
13403
13407
13419
13438
13441
13444
13452
13454
13467
13472
13472
13475
13485
13500
13502
13503
13509
13518
13531
13540
13549
13584
13590
13592
13604
13612
13613
13623
13629
13632
13635
13659
13675
13682
13697
13716
13727
13730
13739
13746
13749
13758
13759
13762
13763
13776
13777
13784
13799
13803
13817
13818
13830
13870
13877
13883
13888
13896
13910
13912
13927
13929
13933
13935
13940
13950
13953
13959
13963
13971
13976
13991
13997
14000
14015
14016
14022
14023
14024
14025
14026
14035
14047
14055
14058
14062
14063
14066
14077
14078
14080
14081
14086
14095
14122
14141
14144
14145
14153
14164
14177
14185
14186
14196
14231
14241
14246
14255
14265
14268
14274
14329
14331
14334
14341
14345
14360
14363
14376
14377
14386
14399
14409
14413
14419
14422
14426
14427
14437
14439
14439
14442
14449
14458
14462
14463
14464
14471
14508
14518
14520
14523
14526
14535
14536
14537
14545
14552
14557
14560
14568
14581
14611
14613
14615
14638
14640
14642
14643
14648
14659
14662
14663
14670
14684
14694
14702
14709
14720
14722
14726
14726
14730
14737
14752
14753
14754
14762
14767
14771
14780
14812
14815
14819
14820
14820
14824
14825
14838
14852
14855
14883
14889
14890
14895
14899
14907
14932
14935
14938
14943
14948
14960
14966
14978
14988
14990
14992
14996
15004
15009
15012
15013
15020
15023
15024
15024
15026
15037
15061
15062
15063
15082
15089
15090
15094
15098
15121
15132
15137
15137
15140
15145
15149
15165
15169
15171
15174
15175
15183
15183
15189
15190
15199
15221
15225
15238
15246
15250
15253
15255
15257
15257
15264
15266
15271
15273
15282
15290
15290
15292
15333
15343
15346
15346
15347
15369
15370
15370
15374
15376
15404
15406
15411
15414
15415
15416
15423
15444
15447
15447
15452
15454
15503
15505
15535
15561
15590
15596
15597
15601
15606
15610
15620
15625
15632
15638
15639
15648
15653
15665
15674
15676
15689
15706
15713
15718
15726
15729
15729
15733
15741
15745
15749
15756
15758
15760
15760
15778
15780
15781
15787
15788
15791
15793
15800
15802
15802
15818
15822
15827
15833
15835
15842
15846
15847
15851
15851
15862
15863
15864
15865
15874
15885
15905
15907
15923
15927
15928
15940
15941
15941
15948
15955
15966
15966
15967
15980
16001
16028
16030
16038
16051
16052
16065
16070
16071
16085
16088
16096
16099
16100
16114
16115
16116
16117
16125
16128
16139
16145
16158
16163
16208
16217
16218
16226
16235
16237
16238
16250
16257
16257
16259
16274
16278
16281
16282
16317
16327
16331
16333
16338
16344
16349
16396
16406
16434
16436
16448
16453
16461
16463
16464
16467
16467
16467
16498
16500
16519
16534
16544
16545
16549
16552
16565
16575
16576
16583
16589
16591
16594
16612
16616
16624
16641
16647
16649
16653
16657
16666
16677
16678
16701
16710
16713
16714
16715
16727
16727
16731
16735
16748
16754
16755
16782
16791
16794
16807
16808
16811
16825
16835
16843
16856
16859
16866
16868
16873
16876
16883
16909
16911
16922
16923
16924
16933
16937
16938
16952
16966
16972
16977
16979
16983
16983
16984
16990
16999
17004
17004
17011
17015
17016
17054
17056
17065
17073
17076
17096
17103
17107
17125
17135
17135
17148
17157
17177
17182
17187
17205
17206
17207
17213
17222
17227
17233
17236
17244
17245
17253
17262
17264
17267
17269
17271
17295
17312
17322
17327
17347
17349
17362
17366
17368
17399
17405
17408
17420
17427
17430
17431
17436
17438
17438
17438
17441
17442
17457
17457
17460
17464
17480
17508
17508
17518
17519
17519
17520
17524
17525
17525
17530
17541
17547
17552
17552
17554
17557
17569
17569
17583
17585
17586
17590
17598
17611
17619
17622
17623
17624
17633
17644
17653
17659
17683
17683
17686
17689
17691
17699
17718
17720
17723
17728
17728
17730
17731
17746
17752
17757
17774
17775
17777
17780
17803
17830
17831
17839
17855
17858
17859
17879
17882
17888
17895
17898
17901
17901
17906
17911
17923
17933
17945
17945
17950
17953
17973
17974
17975
18012
18026
18036
18042
18061
18064
18064
18074
18086
18102
18103
18104
18111
18121
18147
18170
18170
18182
18190
18213
18217
18222
18227
18230
18250
18255
18258
18268
18275
18294
18296
18298
18319
18333
18334
18341
18345
18352
18361
18364
18366
18367
18370
18374
18386
18389
18418
18440
18442
18444
18456
18456
18461
18477
18494
18497
18516
18519
18525
18534
18536
18551
18554
18561
18563
18571
18584
18585
18593
18604
18613
18616
18618
18621
18625
18629
18631
18655
18664
18666
18677
18683
18697
18715
18720
18724
18759
18760
18762
18775
18775
18795
18805
18809
18810
18815
18827
18827
18829
18833
18838
18848
18849
18884
18886
18895
18899
18908
18938
18938
18938
18944
18981
19026
19029
19035
19039
19039
19046
19056
19066
19067
19072
19074
19080
19094
19096
19097
19098
19109
19124
19127
19131
19140
19140
19141
19149
19154
19160
19175
19184
19195
19198
19205
19206
19212
19215
19217
19221
19232
19251
19254
19269
19278
19280
19290
19297
19298
19312
19323
19337
19351
19359
19362
19373
19381
19406
19412
19413
19424
19438
19443
19445
19448
19451
19455
19459
19463
19466
19467
19473
19481
19485
19490
19491
19511
19512
19522
19531
19537
19551
19552
19555
19570
19582
19587
19593
19601
19606
19606
19606
19616
19618
19634
19635
19647
19654
19659
19659
19662
19670
19670
19679
19679
19682
19683
19685
19688
19695
19696
19714
19714
19718
19724
19724
19728
19735
19736
19748
19752
19764
19769
19773
19781
19782
19785
19787
19792
19801
19814
19821
19861
19898
19900
19904
19917
19919
19923
19947
19948
19951
19952
19958
19969
19973
19975
19979
19981
19982
19984
19984
19989
19997
20003
20012
20016
20031
20042
20043
20050
20050
20065
20066
20067
20070
20072
20084
20093
20101
20106
20113
20124
20128
20132
20135
20149
20158
20170
20183
20183
20183
20189
20189
20191
20194
20199
20216
20228
20229
20236
20238
20259
20267
20268
20272
20279
20280
20284
20297
20307
20311
20311
20320
20323
20333
20333
20335
20337
20340
20342
20353
20366
20373
20373
20381
20381
20391
20392
20394
20416
20420
20421
20432
20433
20448
20449
20454
20460
20463
20465
20474
20476
20481
20488
20509
20514
20523
20523
20526
20531
20537
20547
20552
20561
20570
20576
20577
20583
20595
20609
20609
20620
20641
20643
20643
20645
20648
20648
20664
20666
20695
20700
20703
20723
20727
20727
20731
20735
20736
20741
20747
20760
20760
20770
20781
20784
20799
20799
20800
20801
20803
20805
20834
20838
20840
20842
20877
20893
20900
20903
20912
20920
20920
20939
20943
20944
20944
20949
20955
20967
20979
20987
20989
20990
21002
21011
21025
21026
21027
21028
21033
21033
21047
21052
21054
21067
21070
21072
21074
21080
21082
21082
21082
21090
21098
21100
21108
21109
21111
21113
21119
21129
21135
21154
21156
21157
21164
21168
21174
21197
21228
21228
21228
21229
21234
21238
21241
21252
21256
21260
21263
21267
21271
21276
21290
21291
21293
21298
21300
21301
21302
21313
21330
21341
21345
21350
21351
21358
21364
21367
21374
21378
21382
21389
21413
21414
21416
21419
21424
21430
21433
21433
21439
21448
21448
21457
21462
21465
21465
21474
21479
21479
21480
21486
21493
21505
21511
21517
21518
21531
21535
21547
21561
21564
21567
21576
21580
21590
21598
21599
21614
21622
21632
21649
21650
21653
21658
21661
21665
21671
21685
21691
21702
21706
21713
21717
21726
21727
21735
21735
21738
21753
21754
21762
21778
21788
21793
21797
21805
21823
21828
21839
21841
21845
21846
21857
21858
21866
21871
21873
21875
21880
21881
21884
21885
21894
21906
21907
21920
21930
21935
21945
21960
21970
21980
21982
21984
21984
21987
22002
22015
22015
22024
22033
22050
22052
22070
22090
22105
22129
22133
22133
22139
22148
22151
22159
22165
22166
22167
22167
22173
22174
22178
22186
22195
22195
22197
22199
22211
22216
22229
22233
22237
22249
22255
22266
22270
22278
22290
22294
22298
22301
22313
22316
22322
22334
22336
22338
22342
22345
22353
22371
22399
22405
22411
22414
22424
22425
22426
22431
22443
22443
22444
22488
22490
22492
22492
22496
22509
22512
22514
22539
22550
22567
22574
22590
22593
22599
22602
22604
22619
22620
22622
22632
22638
22638
22642
22662
22675
22703
22708
22710
22715
22716
22720
22729
22749
22760
22762
22769
22794
22815
22823
22828
22832
22832
22837
22839
22844
22851
22858
22869
22893
22902
22910
22917
22957
22966
22969
22972
22972
22988
22990
22999
23016
23017
23035
23038
23058
23061
23061
23071
23076
23082
23085
23092
23116
23117
23144
23147
23155
23158
23162
23166
23175
23179
23192
23194
23201
23202
23205
23206
23207
23209
23210
23212
23213
23239
23248
23251
23262
23263
23267
23277
23279
23288
23289
23290
23290
23296
23298
23305
23322
23326
23327
23340
23355
23365
23370
23377
23380
23387
23391
23396
23399
23409
23412
23425
23448
23454
23458
23461
23486
23488
23495
23504
23511
23529
23532
23533
23535
23542
23566
23572
23577
23586
23592
23592
23624
23627
23635
23656
23668
23669
23670
23673
23675
23681
23705
23713
23714
23718
23724
23725
23742
23753
23754
23757
23762
23773
23774
23791
23791
23821
23826
23833
23837
23848
23849
23855
23859
23865
23865
23873
23876
23922
23930
23931
23934
23946
23947
23948
23953
23954
23960
23961
23966
23978
23987
23988
23990
23993
24013
24014
24019
24023
24023
24037
24041
24052
24056
24057
24061
24061
24072
24075
24082
24083
24083
24085
24087
24090
24105
24120
24124
24140
24147
24149
24161
24168
24169
24169
24171
24191
24192
24195
24196
24196
24209
24214
24223
24232
24234
24243
24247
24258
24263
24287
24290
24296
24300
24308
24332
24335
24336
24348
24351
24370
24380
24382
24387
24387
24390
24393
24399
24401
24403
24404
24405
24407
24412
24417
24420
24435
24439
24441
24477
24478
24485
24487
24499
24521
24524
24526
24537
24540
24546
24560
24565
24565
24572
24591
24592
24597
24612
24616
24618
24620
24620
24638
24652
24688
24696
24696
24696
24701
24705
24724
24727
24729
24736
24740
24745
24769
24796
24798
24800
24815
24828
24833
24837
24837
24844
24847
24848
24853
24870
24892
24898
24906
24919
24919
24949
24955
24956
24956
24959
24966
24968
24972
24978
24981
24986
24987
24988
24988
24992
24999
25005
25032
25042
25050
25061
25065
25069
25078
25094
25104
25111
25128
25135
25162
25167
25167
25188
25191
25199
25219
25230
25233
25254
25260
25269
25283
25286
25290
25304
25306
25311
25315
25316
25316
25316
25318
25321
25331
25342
25343
25352
25358
25358
25361
25369
25387
25391
25412
25412
25419
25422
25429
25434
25442
25455
25456
25465
25491
25496
25516
25518
25519
25529
25530
25532
25544
25547
25560
25561
25565
25566
25573
25575
25587
25589
25589
25594
25599
25603
25606
25610
25615
25616
25631
25633
25636
25645
25656
25656
25673
25674
25679
25682
25686
25690
25705
25706
25709
25713
25722
25726
25739
25750
25756
25760
25774
25785
25790
25791
25807
25812
25812
25815
25816
25828
25836
25836
25838
25851
25852
25867
25893
25896
25923
25924
25936
25956
25960
25970
25974
25988
26009
26017
26020
26023
26031
26032
26040
26053
26059
26072
26074
26099
26099
26099
26101
26103
26107
26112
26114
26119
26126
26126
26133
26141
26141
26152
26162
26176
26182
26194
26197
26199
26201
26216
26222
26224
26226
26226
26231
26250
26255
26260
26269
26271
26288
26291
26312
26320
26321
26343
26346
26350
26359
26385
26386
26392
26393
26394
26395
26419
26425
26429
26429
26439
26458
26459
26467
26468
26489
26495
26509
26518
26525
26539
26542
26549
26565
26573
26587
26588
26605
26623
26632
26634
26637
26645
26658
26658
26664
26673
26692
26700
26701
26706
26720
26721
26742
26746
26754
26756
26758
26781
26781
26784
26792
26793
26806
26824
26830
26841
26843
26850
26859
26862
26866
26872
26874
26896
26897
26905
26913
26913
26914
26921
26927
26928
26958
26966
26979
26980
26982
26984
26994
26999
27006
27027
27037
27038
27045
27048
27053
27064
27065
27073
27077
27079
27085
27085
27098
27109
27110
27116
27119
27124
27137
27149
27151
27161
27165
27168
27184
27195
27212
27219
27222
27225
27254
27261
27263
27264
27272
27277
27285
27294
27297
27302
27318
27321
27327
27362
27366
27370
27371
27376
27395
27395
27396
27401
27416
27422
27427
27437
27440
27442
27443
27444
27445
27446
27450
27451
27479
27479
27500
27502
27512
27518
27523
27532
27536
27541
27550
27559
27560
27576
27578
27579
27580
27583
27587
27587
27587
27590
27596
27602
27607
27609
27610
27617
27625
27626
27632
27649
27656
27660
27666
27667
27684
27689
27703
27711
27719
27740
27743
27745
27767
27769
27770
27782
27791
27795
27799
27804
27818
27824
27825
27831
27842
27843
27873
27876
27879
27892
27901
27928
27944
27953
27964
27972
27982
27988
27996
28015
28021
28026
28041
28044
28048
28050
28051
28052
28054
28066
28074
28084
28091
28099
28099
28102
28103
28130
28134
28134
28137
28166
28168
28187
28197
28208
28213
28221
28221
28223
28224
28230
28235
28237
28251
28262
28264
28264
28275
28277
28286
28287
28295
28297
28301
28304
28318
28343
28343
28348
28350
28364
28366
28391
28392
28393
28406
28422
28428
28432
28441
28449
28463
28465
28499
28527
28532
28536
28537
28540
28541
28548
28564
28577
28592
28592
28592
28599
28599
28603
28603
28608
28611
28621
28621
28622
28627
28638
28639
28646
28649
28655
28664
28672
28703
28710
28717
28717
28731
28735
28736
28742
28745
28752
28752
28761
28781
28791
28793
28798
28815
28818
28819
28825
28826
28827
28827
28838
28841
28849
28884
28900
28901
28908
28945
28946
28947
28960
28963
28965
28965
28969
28981
28983
29018
29023
29029
29045
29052
29053
29059
29063
29071
29073
29075
29081
29081
29102
29115
29122
29132
29145
29146
29156
29173
29193
29204
29213
29221
29229
29235
29235
29235
29240
29247
29249
29260
29276
29284
29285
29299
29309
29313
29313
29343
29348
29355
29356
29368
29372
29382
29384
29397
29414
29427
29429
29444
29472
29482
29483
29494
29503
29511
29521
29542
29551
29554
29556
29556
29557
29562
29569
29591
29598
29616
29647
29648
29655
29656
29665
29666
29668
29674
29676
29678
29681
29686
29688
29696
29698
29700
29703
29710
29714
29719
29726
29728
29740
29743
29749
29758
29767
29768
29788
29831
29831
29846
29854
29863
29877
29881
29905
29907
29915
29926
29934
29935
29938
29942
29942
29958
29959
29979
29981
30000
30012
30014
30020
30028
30041
30049
30057
30059
30062
30074
30076
30079
30080
30080
30096
30098
30101
30101
30102
30103
30106
30118
30118
30119
30120
30121
30127
30129
30132
30134
30144
30148
30149
30160
30168
30168
30169
30174
30175
30180
30183
30185
30195
30209
30219
30231
30241
30242
30245
30260
30265
30268
30270
30270
30270
30283
30285
30299
30301
30301
30309
30318
30320
30336
30337
30339
30369
30382
30383
30388
30389
30393
30393
30406
30432
30432
30439
30444
30472
30475
30476
30479
30487
30497
30497
30498
30499
30503
30509
30510
30511
30518
30519
30522
30525
30528
30538
30542
30554
30556
30562
30565
30571
30573
30574
30580
30582
30583
30586
30589
30623
30630
30633
30650
30654
30665
30666
30672
30682
30703
30708
30713
30721
30732
30736
30744
30750
30759
30786
30787
30794
30808
30816
30825
30833
30837
30837
30843
30845
30856
30867
30870
30873
30876
30883
30883
30884
30884
30905
30916
30921
30921
30929
30929
30935
30935
30943
30946
30951
30954
30959
30960
30973
30977
30997
30999
31008
31022
31032
31033
31041
31065
31065
31066
31077
31089
31098
31098
31099
31102
31103
31121
31127
31139
31142
31148
31149
31153
31155
31155
31159
31165
31173
31175
31180
31184
31197
31210
31215
31219
31230
31238
31248
31256
31258
31261
31262
31270
31274
31274
31283
31302
31314
31321
31347
31349
31365
31371
31371
31395
31413
31417
31417
31443
31447
31463
31467
31476
31478
31480
31496
31499
31504
31506
31520
31539
31539
31543
31544
31559
31565
31579
31584
31585
31587
31588
31593
31597
31597
31597
31598
31599
31620
31622
31623
31623
31626
31629
31633
31654
31655
31657
31665
31665
31668
31676
31684
31688
31699
31719
31720
31723
31724
31736
31741
31744
31748
31750
31754
31768
31782
31785
31786
31788
31794
31796
31807
31825
31826
31833
31843
31844
31851
31857
31863
31870
31884
31907
31911
31918
31930
31958
31987
31988
31999
32000
32014
32019
32020
32036
32046
32048
32048
32048
32050
32050
32051
32057
32058
32060
32071
32080
32091
32093
32097
32100
32106
32108
32113
32122
32128
32133
32134
32138
32143
32145
32151
32152
32169
32171
32174
32174
32176
32177
32182
32189
32190
32200
32212
32224
32235
32252
32252
32262
32268
32270
32271
32295
32297
32302
32304
32313
32315
32327
32350
32353
32358
32361
32364
32371
32380
32389
32405
32407
32418
32425
32471
32476
32482
32485
32487
32487
32490
32501
32505
32510
32514
32514
32517
32521
32523
32524
32528
32530
32533
32537
32544
32581
32581
32589
32592
32599
32606
32606
32628
32629
32647
32655
32659
32661
32662
32666
32670
32677
32679
32684
32692
32692
32702
32702
32705
32707
32715
32735
32737
32749
32759
32759
