25660
11914
21682
28978
21555
4449
14392
13758
32633
21008
9960
28344
32688
8512
22038
26165
30822
20185
26202
18811
29848
16756
19767
31766
15732
532
506
8489
3683
12304
29157
20227
19015
29012
32653
8434
5633
13002
4481
7004
31799
19730
29740
5643
32340
24953
4861
8393
14032
809
19653
5677
28849
157
26464
20660
22610
24920
26263
13843
10595
27607
19013
3276
32305
18372
30649
20480
9255
4204
21084
30084
6549
27507
18323
23095
6321
30662
20967
18578
21468
10450
14180
19840
18214
25076
1854
20336
17171
26160
6843
7081
5280
28709
7500
24030
28289
1600
24573
13827
30637
24369
31760
24671
8988
27291
2277
9185
13519
21008
26910
31415
6162
1596
29440
10525
27390
11360
30747
13939
25409
3
28717
31891
28706
31972
19268
16737
15807
25906
12067
3748
32153
30719
9191
15380
6227
27635
29674
24499
11447
573
17128
6241
32762
17871
8288
26283
17217
19147
6461
2021
21091
568
3254
1912
20465
30202
18547
31356
17012
257
12273
6538
5877
22464
29479
11467
11459
29921
6250
32341
20080
15927
23950
18104
15389
30196
13390
18387
10999
19484
24045
2541
24066
9273
27166
28417
15382
25425
7458
4184
1831
23061
304
6749
6345
8027
10009
6830
18418
28366
23084
29807
23554
24548
19287
28387
12546
2321
30608
4669
28969
25403
19827
18099
1957
365
22061
27093
12440
28879
26008
19997
19040
21718
5543
22727
19483
5048
4357
12770
1386
10019
28921
15016
2934
25902
12941
15883
30513
21904
1775
3984
22751
26383
791
3168
1236
6460
29354
12957
7551
28254
21023
17138
32423
14764
13344
8302
28149
7615
5683
25234
13491
20294
26777
19880
1747
28668
19830
9559
23347
5591
21299
3445
6431
21122
11809
27932
16152
20238
13663
2048
26323
20453
9981
16895
19077
13567
30561
16634
12126
19032
12266
24804
22867
31905
8404
11800
27681
17973
27228
23024
23951
26704
8484
23955
23795
17531
4568
16142
21495
27211
26642
11431
25757
11595
15483
25197
2177
22327
20020
3604
13663
19051
27508
9472
10964
10394
19826
24736
19817
20931
27525
21757
13005
20321
2441
21907
17250
32739
1414
7263
5371
5723
10380
26425
25317
17018
32481
32612
18212
5308
31583
24420
6398
29408
27159
27407
5310
12443
30266
28135
12466
8333
18234
21415
17270
12660
31020
20252
24436
27552
29809
25398
1964
25255
26773
607
8625
28505
28279
14347
18676
17910
5546
4241
26437
15519
24860
13113
13975
22027
30453
25238
4100
25723
1986
22294
11281
22768
12499
10199
14386
4763
24033
13756
26001
17045
28149
19649
21771
14288
8068
28555
1147
10062
2015
324
8508
17552
6603
16805
25577
15954
32619
20308
22887
29557
19303
9329
15654
29757
17735
16747
18595
9148
21792
31257
7218
3470
21107
6406
9466
17351
14930
19724
9281
22826
4292
5412
15338
19356
29035
7804
9275
29400
4964
18634
28388
18275
17519
17633
31549
5571
8016
385
32720
29164
373
23156
19735
32507
984
15830
11655
24358
31527
15285
1741
24563
17187
13274
8279
13993
22854
5605
13078
24836
2728
26528
9858
32301
14627
1421
7903
13289
31669
20929
16575
29713
7719
17653
19913
13890
17388
5595
32440
31189
12876
27310
16039
9234
1474
18701
11147
3744
22178
14345
1
23104
4350
18557
19018
22972
971
30622
5267
10521
27456
8146
25210
17684
31359
27590
10191
14029
10359
32698
7319
10173
17417
19744
4695
29165
4969
17510
11919
106
712
22800
11908
5108
9776
3081
6210
16374
4783
28731
31970
13243
21175
23901
12297
9182
31173
17676
6321
26626
6977
24094
32556
8388
10405
6707
31845
31214
31458
6540
28266
23789
2816
4385
5671
10118
7684
22253
17012
15044
26646
2189
11347
30261
27363
9
26738
29526
4929
2802
4600
5451
23057
6061
4734
16595
27754
19726
11098
20604
7924
16425
9252
6419
12433
15460
17011
4703
8259
20945
28392
30735
6730
7611
11118
30448
16524
383
16063
14947
21050
15261
14635
28175
30385
5903
13973
2003
12190
9434
446
28158
13926
13282
31942
19907
18629
31490
29423
13799
10421
10588
14245
18877
21393
20718
14011
8276
13434
24423
23032
9199
22010
6456
26578
1461
22247
19181
16249
6570
9866
9406
5655
11998
19457
29793
6486
14309
15586
12579
6948
22406
1825
3639
10931
9655
21044
1870
16067
16586
31604
7016
21795
32481
20935
10729
11125
21415
13436
9711
30003
15938
6518
5091
13039
21379
16013
1358
3807
14432
2609
1774
25240
8357
24400
13578
18970
9702
26746
27138
26637
2744
7748
15146
16202
15905
3306
14296
17821
13132
7480
7868
5065
24961
25770
32112
22221
85
16594
28240
26214
21534
16890
26764
9429
7850
10507
22140
3042
2097
31917
26163
2849
5255
31152
18518
7028
30870
25259
20783
11217
25612
29410
12285
19270
4945
30829
12430
13370
15804
22935
15120
7413
13318
2437
1573
29027
17151
12312
12085
23060
11903
2323
11528
13448
22688
16001
20628
24746
26922
16977
18451
1946
2383
27460
22617
16303
1945
22793
16485
12733
30752
25510
31542
9107
9472
6681
21472
3016
25354
5183
32734
4792
7866
7158
13226
9417
13673
29054
25995
31219
28356
12070
12974
13951
10877
4132
6777
2318
5697
7876
1052
27102
32745
3525
17001
24393
6132
16639
2533
27534
14389
18762
3359
2004
713
22428
13120
20588
27980
27505
7396
18007
3148
16496
27432
18952
13054
16203
32004
13162
15152
30183
5852
11045
2431
23229
10321
10526
8650
24448
9309
15420
24551
5887
8095
32626
10388
29262
10483
24570
9904
22816
4166
6366
26795
8568
4009
1981
29243
10881
2723
16076
5712
7865
22476
30747
11595
8533
18583
19994
31594
27362
25456
23899
23431
6440
1031
13209
515
13907
21995
12282
27645
15189
23898
14481
20167
4486
600
26919
7066
22413
20990
7995
27528
28036
27157
1863
26547
3159
17123
3909
445
27757
19269
25202
4223
16267
2814
21074
9470
501
16207
20724
11162
26326
9672
24695
11657
25569
26973
7117
18052
8249
26044
15551
8896
19086
13534
17201
6432
6793
15068
8616
13737
363
9221
4873
18486
19953
2349
32164
19309
18298
11847
1904
14321
1131
3895
16280
6105
32723
12001
311
28258
12875
23686
29536
18400
12833
25424
19042
1531
7861
22571
11850
15383
23330
31191
27305
12308
23585
22331
19351
21304
3371
12285
19447
18281
4318
17231
30973
17568
24738
268
12014
29338
3980
20739
4903
2769
13443
25747
28513
22186
16289
18040
21043
24048
16091
7396
6360
22913
21989
20945
17971
15943
27984
5526
19216
29802
23798
28601
9133
3780
5527
20997
28281
5782
3524
25052
24603
16249
30204
27598
14518
6039
30742
13674
7788
2074
1502
8531
289
14821
31491
22935
27521
12930
5681
29757
25924
15708
3450
17949
19120
29999
16890
22517
15712
444
22203
12728
4677
24001
11990
28713
24810
14632
5851
22697
6140
19327
7539
24397
15113
10920
24388
21300
11656
31186
18965
9496
12058
1192
6963
31778
27919
6855
7443
3331
19756
16246
26680
26432
21931
401
11095
11469
22148
4039
16058
26590
14315
23814
1762
29434
4634
26930
27248
10065
29264
541
24390
17743
28954
4276
21225
19313
32209
18038
29225
12120
868
16171
5125
11548
19031
27346
19401
8418
15372
21467
26233
7857
27458
5526
22386
15489
1499
5868
22607
17045
5090
23885
16394
13835
10188
3049
21859
29106
25598
25379
8326
16667
31120
21570
32744
12787
1105
32106
1138
3983
26635
8652
22753
15561
4872
29209
14445
24587
18900
14652
14504
5545
24645
16712
27306
7284
953
1199
5995
12428
31391
32694
7024
2165
32057
13861
9642
10349
2975
16707
23963
32765
25864
31233
13498
1487
1093
4982
26393
17855
17806
14731
28485
5428
6529
2040
29037
25009
26984
28015
25031
19879
4283
20246
27184
3982
4070
59
21267
18227
23627
25156
29579
15700
29067
16612
27852
16746
2049
16021
13503
6598
5264
25922
13292
14815
30111
12099
31389
13035
29025
7311
20800
4780
26970
10285
10254
9357
26399
12780
10730
18669
26205
12372
30348
22203
28
16092
18398
15171
23365
23646
1702
19527
1634
28103
4710
82
7846
22803
16512
329
26669
19577
22174
19779
15236
1506
1105
22938
27756
11936
8185
27715
3547
8029
10980
8026
14148
8273
24762
17153
12056
31161
22040
4459
7821
26756
27259
26932
12958
19279
4448
500
20051
7059
13993
20243
12866
1821
16963
1247
15702
15807
32518
29659
10959
18246
26844
11866
29066
30123
9766
11341
10371
18318
12379
24922
5272
20191
28658
31022
17296
28639
20355
11795
22619
3143
2601
28101
27803
28358
14634
16513
11108
2737
25818
9824
2368
25591
7356
24291
15735
13139
23275
20175
24717
6853
14008
30779
21515
32322
10901
14567
22403
21675
28978
17103
28366
1276
15845
768
32152
9158
21583
27307
15391
9439
17213
20088
26935
21847
18124
20508
23954
12719
5585
1582
25662
27718
7799
22070
31855
14356
30250
13576
26751
11162
180
16720
11827
20505
4774
27757
27712
12547
4858
9603
10509
32687
24566
15051
32443
8016
31572
25902
18531
11560
16799
12819
13470
22777
12512
16245
24907
8637
634
32312
25740
19094
7251
28349
26386
7176
7476
2996
13211
17766
2163
22321
24504
29322
21711
15874
29140
27081
25243
17729
10354
17959
7455
13861
18102
8646
19259
15389
2599
17573
21325
10528
11699
11143
30293
21566
7668
31536
18007
18044
17073
13271
23553
10718
424
14553
3982
11973
24202
171
14570
23419
23624
274
15127
31245
909
11158
24271
6233
12939
3636
16491
20071
6651
27731
21763
16125
2911
25593
19159
1645
31883
29503
18669
2994
25699
29186
20988
26555
21734
21468
20105
22279
30316
18002
592
26994
18475
32591
28901
25679
18944
20434
30107
2742
29549
20195
4773
16415
7134
12491
15227
14640
14384
7812
7808
11988
4467
8559
12769
18317
22767
30533
1984
11019
15718
25168
11666
29693
26009
18907
6853
29735
29709
16103
29350
32437
30735
14623
7555
11471
28662
8206
32012
20589
16552
29840
16383
2413
18016
11910
6405
12515
25262
8910
23767
3760
11199
1395
19364
3414
8414
23584
2487
24586
2107
29915
2901
20235
23019
13551
30692
7731
23601
21546
18515
16843
21756
22601
9397
21924
29872
25777
17711
2659
24105
12896
23061
32029
28670
17442
16208
11556
13058
11016
32515
1056
4625
28438
26478
9313
16137
28732
14354
29043
26902
21384
10773
1779
10291
20633
22505
4514
16877
29527
18473
16056
11114
9697
8131
13691
27819
5831
16220
20239
18702
20346
20464
144
20759
3840
697
11102
16751
15596
2131
18360
21293
2190
797
7565
24917
2151
30946
32654
1950
28127
1977
15496
7801
8507
25129
15089
14414
22985
22161
29377
1033
1629
26055
14723
14549
6657
11520
5291
28455
4329
9968
1578
2815
16805
2098
1856
7019
20122
15081
9617
21324
19379
15784
30332
32604
27732
27023
21672
7536
19856
25527
7135
30971
12443
15825
22304
28884
14722
2569
5359
19001
1561
26161
22000
13587
12597
16923
18868
25979
5660
25926
19923
26238
26682
30653
25403
2589
29462
4669
3527
6808
5764
6550
21012
12525
21275
26963
17808
21659
31465
4509
25811
18603
23142
11357
9267
10737
28071
3489
28306
17040
30164
21313
1659
14012
732
6082
32110
28356
17767
19578
13687
25167
15629
32501
8453
10469
5829
3480
13562
29618
20384
3972
16639
21639
28599
29630
8730
30242
29025
7052
898
10671
10410
29730
8626
28047
16129
21373
17340
20823
5937
7312
24288
23324
11667
28318
6237
20974
18561
25575
6535
4514
3341
9094
27162
19413
19443
19098
17614
23085
6861
28836
6699
1506
3462
19248
13727
26749
9233
13496
14542
18912
16475
6853
24873
8071
14462
5975
19394
4365
22839
14727
11102
9714
27802
16747
9420
155
6404
21306
17782
19098
11346
26032
18486
13872
10064
28596
7275
14608
7540
6457
25419
25702
15565
29538
22395
32280
4662
31721
21213
16204
24015
28609
26281
23594
2990
12538
14783
14563
9425
17382
8507
28658
19543
10106
10058
3490
7408
3318
29757
9424
31379
13001
19932
8434
11375
26286
8445
31064
21283
29468
18773
10674
3889
31709
2957
5075
27568
3580
30104
11956
24898
26341
6469
9916
1350
14024
21776
21310
14671
25150
7998
9540
28372
1839
1833
29579
21289
18675
24792
18382
30637
10167
20178
4423
19014
26403
7732
24692
29194
18490
10498
4119
25663
6785
12987
32640
17798
26723
29488
16910
27475
17108
17301
26612
4512
28725
8665
17465
6371
631
32307
21507
24637
6276
1790
11028
4084
20186
26310
2453
26659
9081
10403
32530
26544
20736
14021
16071
24447
25875
10065
2330
17893
5631
19308
20072
24160
7073
13460
28420
2437
3972
9271
15485
20793
6217
6526
8224
1316
25676
29034
2750
31587
14212
19747
4528
18813
4267
12941
23831
2457
10655
6939
19304
32750
22281
25832
28201
13434
2876
23044
17397
21751
96
16907
21446
29451
19919
12797
3444
29375
27839
3657
4984
15666
28706
29483
20982
2959
29642
30520
1787
24124
1745
31800
8195
29780
5432
563
4286
22360
5326
12495
1811
20257
31059
2777
8294
21017
13278
33
1046
17835
16764
20875
1866
8952
3354
31587
15854
21452
10405
6641
7416
23504
8559
31821
4592
8705
29653
22901
13231
28256
25119
23453
28775
28651
12967
30150
23779
24269
6462
14226
2320
3794
20427
4951
32189
1565
8757
19058
18335
27677
29059
29662
13208
25789
29250
20741
8248
11227
10791
25813
2181
1276
28918
279
11255
21310
30882
15868
30663
28046
8374
4089
5482
794
6387
28629
16984
9225
5947
18689
21777
17002
9390
8743
4962
16235
17938
13317
15844
22732
888
25212
29895
2707
4892
19428
22989
14592
11150
25251
5017
14019
16655
17662
5674
31597
12862
18223
21667
7717
10228
25527
16461
26780
11372
1525
14558
5699
15783
25336
20988
5051
24334
21650
4605
21132
28250
27309
3569
1307
16305
9954
1762
22230
17681
5704
27738
29874
17650
15754
26662
31191
25639
2877
22362
5273
1798
17520
21653
30635
19912
8068
14214
27535
12339
318
11695
5201
31862
4122
20585
16245
15700
4578
23593
20014
19332
18304
27905
4049
3672
15121
25706
8328
12190
13370
23616
8267
18116
18111
19214
22028
16191
12113
15756
4914
32300
29352
18790
27465
2872
29394
7487
5112
16574
28363
20982
307
18224
8269
24872
4529
24504
27625
25846
24481
16927
22359
1288
2457
4589
14859
13521
1999
11986
23560
10005
24971
25668
30457
6825
22236
15466
19838
25723
21131
31289
19652
23250
14413
32477
27736
1494
25404
7770
16445
14674
26760
10099
28988
31673
29290
8907
3963
24167
18266
3402
29521
11050
20866
4546
8281
2817
14962
1490
24261
2595
28437
11787
32501
7491
8164
3410
31561
3091
4441
17285
27699
25863
20647
16226
656
24155
8360
18340
31800
18519
13079
8046
18131
29906
511
18925
17647
14325
23923
12602
26960
26177
384
13437
7303
29651
18528
24920
8391
6375
19696
23683
26611
8092
4453
15795
4091
16119
32314
25281
31081
10025
19820
32264
11319
8981
13802
25615
32484
29453
27463
23656
13255
17628
17843
31191
162
27914
9769
15799
13434
17755
27370
2714
28582
21657
2089
10800
8743
9107
6408
27242
17463
25446
31939
5598
32036
18683
21547
19310
11359
16849
29527
31012
2256
26109
7062
32353
19053
19311
4519
14647
4619
7798
25645
787
884
9095
30301
24735
17849
1594
8954
26854
24010
6549
2947
10170
5955
28045
26539
32594
28553
24010
26889
19768
14102
32171
1809
22115
23825
1418
18243
16031
6434
9537
21922
3894
26500
24556
360
4297
2908
21745
29176
31871
2889
6718
10260
18530
23612
3026
8016
4869
11914
13439
9158
29290
4415
13294
12300
10788
24502
17891
26467
3257
11622
20162
49
3146
9215
4435
12978
15990
1974
29122
32746
22395
21980
27114
25822
24734
12726
4818
19971
11726
5001
26488
24311
22148
28148
9422
25199
13805
15746
27395
30321
13899
13952
1027
18627
27545
1292
29505
30627
16749
21359
12980
27320
16419
2733
16671
14409
11576
346
26006
27309
2804
3246
19518
14850
15180
10204
24660
3618
18950
9632
1905
23763
8734
8215
8716
14398
12905
6868
30016
8611
17784
2864
25039
29770
4287
15073
3176
31933
16118
14543
23333
4148
31168
19491
27736
14417
13963
7584
27271
18189
19127
2870
25013
26355
2810
22996
31203
31628
31235
14719
15063
26138
19037
20385
15644
648
14231
15267
27722
28834
31394
18877
16008
32130
23930
18445
1358
16714
12808
12775
15216
17689
12360
9581
29784
17719
32679
22367
20626
25491
28591
31028
7055
24176
9189
17769
30370
8027
14066
9753
13647
13920
6402
10702
20165
5501
11626
14999
2217
8279
27533
19290
16149
25644
1792
28524
28129
3081
25324
4191
24353
25917
21684
13851
8942
2061
31192
5424
13418
30889
9498
22379
28670
21599
9951
21160
16102
24335
29911
8678
7152
1247
29920
21665
21888
9263
28456
10332
12504
13264
27538
125
21142
6512
32348
4189
4222
17497
18430
27552
4218
24668
11349
28866
22751
13575
1280
16883
13810
1311
21259
16421
6315
586
13258
15459
21177
10507
7432
21348
21445
6387
9314
10080
19451
15638
21997
27682
22471
22717
24095
31071
6364
19546
2796
22342
24699
9921
26671
31064
20210
22164
31564
7034
3171
4095
25107
30024
32454
15014
22760
14253
8497
31708
27681
2224
24663
12566
22704
29073
8272
28319
24578
29461
20376
22157
4903
13342
11097
23539
22834
32382
6381
18008
13539
32269
14494
2408
3459
30202
5553
17642
32528
24670
6052
242
30106
11287
6323
31320
6125
3283
17825
4968
17776
4459
10932
15579
11085
29811
4610
27399
13522
23311
5867
27474
23320
30215
4839
11756
6114
14622
18306
22462
32711
7328
27044
12445
18324
7483
29206
16836
14572
28175
22338
14465
23089
4360
5178
24878
19880
18796
8444
20067
11223
7344
16373
106
23858
21904
17603
8435
14071
15711
14399
9993
24407
32667
32187
30533
15574
27588
23944
21570
29940
2414
6332
13136
15885
12950
27185
18797
2174
10290
6353
25713
17161
21771
32529
25736
15995
13007
11196
27109
29835
1378
32754
2741
13830
24694
28272
9554
1065
11099
16402
8890
6478
5912
405
15679
25804
15034
32418
8064
32280
18924
28168
28567
21296
6600
13130
6804
5689
26605
22873
29739
11878
6098
10914
32425
12317
23130
2635
28460
8277
29608
29370
16916
1859
4916
15704
29621
5685
29214
6036
12622
25790
11203
18730
5695
2323
1167
12197
18806
4021
4882
4898
3883
5712
32597
14424
8909
3555
19566
21461
27964
26658
24658
17034
27448
13337
15851
11146
22554
28177
9578
28431
28865
1719
3807
1726
25296
25979
13062
15148
15383
27191
5732
21152
28238
12817
19091
7451
15113
9122
23003
405
7144
1624
4354
28810
31502
10520
7012
24501
20437
23592
9542
13084
29632
16973
30823
14156
17330
15664
18136
4326
24925
30982
6158
17754
10492
23408
3126
16627
12101
22944
27080
32276
23449
31166
10591
12737
29311
906
29640
8544
9296
9282
18008
1473
29748
2502
12675
8029
2892
14586
26027
24539
19505
9068
566
19673
15006
16439
23267
32744
2921
11303
10078
26584
28856
5405
20754
12087
30321
29877
21310
27668
754
24103
24907
32008
20483
25451
18269
14200
28680
21921
14632
19220
13180
25775
773
32419
666
25132
20804
10755
32605
11133
452
4459
939
32573
13250
1524
20429
16867
2543
28504
32035
30110
21189
8953
2326
27012
2842
11301
3149
25580
28406
27032
29220
19480
3234
9282
17498
5912
3585
843
24329
31722
11299
341
8412
13030
280
18177
27516
17498
11266
3764
2123
10865
31598
30107
17749
19033
4581
24044
24196
2212
14525
18031
1811
31983
21813
15166
10052
2242
13250
17353
8790
21944
7587
29212
14513
32480
27835
30565
23141
26978
4512
25008
32210
4198
16368
26358
20136
18481
13540
24918
18707
15505
19495
24738
5423
11900
22248
29981
14018
13556
26926
6019
25898
1325
4459
21066
8084
1522
11861
4136
20847
12869
22257
13269
6945
3910
2288
23826
4856
14678
4415
32490
4707
19579
25306
11064
25442
11270
20449
14185
25147
28020
22765
7811
26479
27283
1700
17510
3564
16102
395
32339
10628
13385
23580
1194
414
25304
17177
12792
9259
2062
2079
13104
25820
22826
14974
3385
23698
21719
16968
7081
32023
22539
12712
27857
3339
31280
16501
7929
8225
29826
9735
8940
24459
6328
17738
1976
14002
6886
24336
13231
14379
12962
16044
11953
20198
22374
5308
25006
4009
7221
29766
28518
16061
28289
9735
2675
24040
15437
17927
27786
22171
17807
24433
21246
5227
7384
31394
9349
9157
6966
20864
9279
10462
19290
7693
22004
17130
4086
14140
30622
12174
2409
28675
13351
17047
32414
27825
29555
1516
19761
25218
27553
5569
9428
30064
22414
3342
4594
10317
30363
5696
7058
4879
14769
29742
30845
21355
16770
5966
8099
27557
4625
4905
14267
934
8052
2060
10794
16463
6104
21761
23846
9485
3783
9725
22811
13229
28070
12891
23885
15986
19842
16265
10176
8293
7692
15362
29781
20461
15841
1660
30517
32671
26639
13666
22130
16727
6869
29316
26348
24456
23467
16142
12402
24784
31874
13238
32042
27088
17997
4410
30771
28986
11456
13578
8072
31275
28504
17985
3368
18620
19355
11994
23412
17620
9377
13601
10456
32576
17363
18791
32429
3333
5875
23546
8030
11508
3933
20309
32714
27520
1676
23187
28650
14541
19423
28714
14004
9481
16285
31957
9535
14079
7992
4818
25895
4329
26318
21838
1587
22406
27637
14366
3893
3949
5560
26543
5682
25761
21981
27968
9155
4197
18282
25422
26043
20818
5735
20048
29962
10662
5348
28069
13026
22495
8510
6347
280
15753
16799
31953
22988
10324
6340
19983
2636
12649
6147
16916
5430
9982
4748
26080
32733
13352
5615
9300
3822
15089
11230
4326
13908
5291
26932
19097
16472
11396
28215
2861
28685
10330
15386
13970
8939
5072
967
32419
13754
16801
20955
28433
12466
22324
15345
30109
32480
13937
29475
14987
13515
14804
24526
23891
10840
30399
10902
27033
27627
31253
22186
6239
18127
13060
20809
12666
29912
34
6790
8514
11078
4796
27464
5774
4333
7274
31892
15584
24467
31463
21519
26332
13466
22048
14782
15615
21727
25739
15121
17549
26593
18874
24352
21195
28198
17200
28724
16495
30426
6003
32393
29013
22714
31587
82
1139
29232
25033
13054
16399
13503
26931
8634
3631
32674
23552
30007
7506
3504
30391
28845
31069
31363
26781
16416
12504
8921
17030
31714
23130
25658
18411
1369
3650
32732
22077
8450
10408
9411
22137
29110
26516
25900
27901
14636
14701
6956
23450
448
20404
149
18922
5490
18930
32281
26595
26162
3310
30130
7853
19291
6692
3137
17329
14461
31603
13941
499
20831
5910
3310
28065
32580
32725
11170
30188
27502
5500
8320
10518
737
2445
11604
32460
26473
7218
24811
7351
29150
9589
19319
18766
10663
16051
21044
238
21885
8270
26188
24876
2417
1955
8953
24170
22065
14652
5865
30632
32135
29510
15590
23709
20514
25669
26550
14854
6297
31238
9536
8255
14253
7381
23793
14352
21967
10993
11614
14793
19938
18493
19755
23185
13633
22072
29483
9211
9476
10287
2504
27098
10367
18354
12710
21079
29964
23876
22403
9280
20235
4438
24930
20387
16422
31095
14056
25756
730
26053
10502
27755
18226
8871
31960
22729
13526
702
7629
32125
20037
17688
15113
18474
6495
11175
21511
10859
12582
22002
30851
27169
9413
13323
16279
19468
18386
9665
14884
19609
22480
6678
25715
23291
6904
17140
23324
19069
23609
12571
22311
28183
26749
27742
13682
4671
28974
23567
3410
18689
30712
5048
6781
15442
10193
22539
32296
31394
16183
28700
7020
29104
28601
5838
4846
2978
22201
8331
8639
8789
29552
10553
26497
15602
15923
24169
22476
19394
17652
14801
23248
22083
28939
16380
24891
20347
23095
5952
28509
1164
19167
2801
25481
22921
22942
20180
31679
18568
15359
5846
24201
22264
13957
22270
11043
30005
19951
16289
21726
31834
7609
18901
19910
15959
30694
26663
17539
23619
12797
12177
31101
22259
17234
3238
28484
3531
6278
22800
31278
8148
16465
25916
29506
25359
21887
19028
4692
26121
19001
6254
13170
12208
30854
13571
2943
12645
7186
32162
4126
8018
6445
741
5842
8958
13590
28581
28515
7198
9082
28778
32131
25519
3384
12069
5553
17729
29799
14114
8542
8854
6554
21816
20046
30059
18018
18499
19778
9110
8469
21972
25556
22865
28110
5926
21922
24022
24757
4692
26798
5676
25985
29642
2309
10816
59
31737
20383
55
11076
30032
28807
515
22169
18023
21563
24884
27734
29821
24662
19729
32377
10788
13164
20200
489
5691
22582
16546
15031
14109
13295
4506
15779
26136
13309
19888
10978
14113
32468
6809
1566
197
11288
8057
20415
8291
18433
2739
17257
20121
9732
10751
24517
6140
18096
18622
7045
19980
21718
18571
27554
1127
32236
10259
32488
28220
10675
27686
21173
12291
21784
7950
1278
31083
5208
23071
1938
31636
104
3471
6307
3967
5012
31368
9346
8387
14694
4988
29866
12417
5577
14009
20480
1177
18286
30525
28761
22302
10607
26571
28989
6664
22579
7230
7147
9001
32145
21790
13468
21603
10296
2417
11532
5143
12878
17107
24631
10720
31575
32713
15200
21378
31065
4179
30808
9757
25917
8384
19709
4007
1657
26310
13313
3224
25068
9426
13037
26087
20489
30621
16741
2870
15928
8704
13741
23882
8057
19209
23148
31933
20555
25166
4528
28919
29132
7809
10547
15194
33
19013
17373
10941
10264
21312
31881
796
8204
20338
9740
19853
2058
27845
19571
25718
5425
32485
23437
4094
3167
8017
3754
18113
20490
5043
3489
26312
1387
28269
23320
31416
5346
7540
30719
24393
2454
23393
24670
23802
5212
14021
17745
2564
13786
9149
10320
2188
21484
19399
15284
29980
15942
4052
11383
6484
26203
28831
14652
14045
20094
20796
14991
32415
29767
18420
109
2100
14905
29008
10503
23964
5281
31092
21699
28466
32193
20398
23428
990
29998
14415
26411
31117
3703
12474
5982
27102
21255
22970
4744
1822
31565
23577
10272
17783
17178
31598
26671
9316
23882
19254
21516
11368
19110
14886
3178
29952
6153
26560
8341
18134
18370
30757
25337
11831
27194
23082
26340
4551
10711
13229
2957
8564
19999
26666
14420
12712
31265
28041
11851
22211
10768
25402
4854
21704
13362
8068
6223
14166
20728
10010
26125
9691
28271
17136
10278
18436
21207
10316
26259
20088
21136
26400
2643
29637
7486
4759
13234
2458
26149
22510
17867
26168
27605
30597
19276
17955
8972
21558
6265
30237
2264
3301
20084
22868
24572
21592
9147
8155
23957
31561
5618
16727
2301
24762
26851
4091
21232
15497
5827
30646
10221
30788
5558
15786
479
2622
5782
21473
15613
1763
8432
5435
13295
23624
12368
32171
26418
27655
14015
12963
13245
30537
10377
28621
23781
4388
30020
11260
28030
2856
4621
2658
13379
4148
30997
27651
24440
24974
16989
13673
31693
27187
14781
7322
23174
7276
5675
4935
8921
19874
13882
8518
4759
1139
1505
17219
12815
27910
29054
8626
32560
26523
2586
13319
21485
25958
16111
9258
3046
1949
20519
1573
11588
13520
24295
14368
6372
6265
16012
32400
1465
16596
27445
12459
19307
20208
18817
2335
16452
27910
5018
28419
11853
32523
6002
19214
9140
16769
10828
15623
8817
19090
30079
17788
29481
8543
118
14263
8019
24470
7164
2030
22169
4418
4790
18874
17281
18152
17137
29386
4940
3535
1439
13785
13599
17055
1691
2525
5216
29230
29237
12674
21091
15510
7146
22230
17222
28299
627
3910
12825
17643
21762
23497
12354
3735
24008
31067
29728
8322
30138
5549
2799
20487
26005
15387
25068
26496
22559
3806
27321
18708
16816
8323
24322
13264
24818
411
26465
24313
15589
22197
10623
24481
17446
2697
381
3193
29040
28790
27282
21478
6499
27439
23285
14423
17796
27569
5885
26325
16518
23672
16262
7132
14280
19698
8088
19049
5662
28980
32067
14676
31700
18924
29133
2784
30704
2198
3344
25233
26296
1011
18461
7485
6516
20663
2853
20326
11125
21122
19098
32199
10326
22802
32657
17453
26498
7607
32619
24200
16630
13575
30388
18498
32585
18642
2891
26063
13033
11865
27075
27782
19111
11450
16906
31919
5494
1967
30536
8669
4463
8824
1802
11646
11289
20246
27552
8112
22504
7610
32195
4694
6915
16509
6524
23147
31562
22353
2625
21399
27544
14392
608
2560
7749
1972
8609
13923
24816
13694
20262
16483
25979
12666
27287
15137
7254
27883
6268
4108
1025
31716
11754
19451
4556
27391
32610
17017
6114
7504
5878
31583
19589
18076
5549
7849
22171
21959
17449
21122
874
25484
5767
16289
2464
31089
10119
12248
32150
17657
28397
31466
23253
2843
14119
13726
18138
28659
5679
22289
28950
26296
28083
18512
13369
24046
13940
4646
23728
31708
6892
7475
14444
32577
9523
14398
21478
6211
1059
22733
2144
19880
11195
18930
16237
16968
21697
15719
4019
28354
8107
29405
5872
9071
24256
27026
13627
26260
19323
20514
3469
732
11056
9887
28543
23045
9969
18147
3669
20441
23219
18213
10556
24928
24493
27339
2256
15444
22017
5503
30177
27349
12702
29829
3447
26462
20069
21068
5651
11512
3979
18499
14904
6061
3646
17133
19498
10560
7051
3128
30454
1563
6527
20491
178
16009
28556
20254
518
14373
7727
13326
14060
19347
13776
16049
19635
27245
13546
14759
20810
24960
4459
28209
10171
2873
29022
2630
9718
1626
22215
11492
16336
17649
17102
3237
25419
1931
5152
27794
27160
6309
9363
21307
17498
23651
27145
14344
16557
2181
7830
6858
5479
6294
13285
14741
3870
21094
5591
22738
2154
28347
110
20880
3819
14916
27882
23067
22926
17102
23089
15568
29709
25786
29812
28975
17333
19631
24592
19250
18796
16780
11186
13533
17650
19105
11711
9751
7527
1566
20723
20152
13070
17355
5192
9955
32336
14330
16921
22934
8196
23227
8839
15743
18157
18254
11548
20498
3716
12254
32174
26328
15096
14700
4230
2826
30324
21513
2498
13150
29600
25416
3064
20513
6506
19187
25116
23942
7174
13309
164
28734
10035
7608
8681
28744
32193
3912
465
30219
12880
32088
31915
32162
23898
14347
5466
25719
29812
30005
9910
25875
9936
19148
17455
1332
25351
11673
3508
10784
27157
18483
31443
18234
5029
15918
24865
23251
10128
12176
14812
11586
28832
4228
27343
1591
27801
10579
5750
19532
15738
21135
14179
17117
16384
16786
2784
23066
27500
31015
3798
17754
24198
12934
5869
19379
15842
21126
15605
1735
18274
16142
12421
992
16124
10444
10721
31552
6333
7466
1057
4530
1038
29822
17040
22629
15415
28801
1363
32506
16929
7939
12619
27612
25440
21725
20284
11984
12912
21798
26158
461
21567
30890
21779
19469
18156
27031
28587
23396
1487
18298
25253
18385
11961
18282
8967
13651
3197
9347
27855
26621
10927
29847
5338
24141
22187
13599
12806
26042
12761
9336
24980
23948
14640
15180
10960
7152
26105
23118
17907
10572
19414
42
19016
17872
22530
7099
1934
27982
5594
20095
3742
19787
7325
13129
11597
24918
2672
32054
24980
10648
12453
738
2030
12205
21820
2524
18690
19890
11690
26199
2690
27551
30426
17186
26451
9943
20082
9690
29422
6142
12631
862
19462
11019
17267
30851
17003
15774
17590
31497
5166
30611
22362
5838
1542
4567
31596
2882
23282
32634
25480
23835
28448
11526
1764
12362
31246
18960
5263
32301
15343
20748
11259
31750
6736
16742
32442
17836
28667
16334
16261
8320
5147
4307
642
27299
23714
8627
29383
2662
8168
4977
282
29186
31124
31785
28666
2954
22208
21153
24804
8477
3416
14368
18127
5472
707
5251
25081
43
9670
14477
10469
899
16293
31359
17060
27849
24715
232
30293
30256
27435
12223
13288
15477
936
27567
6695
15562
26034
10162
7670
28435
26099
28897
14041
20564
8873
27787
13496
29034
10132
31876
8927
24058
2322
32191
23625
28584
14985
21791
13598
24969
9221
16011
23930
14298
15138
4673
24944
20466
9005
29804
27215
11381
6278
8952
9507
20939
11080
21925
29311
18128
3372
25690
17274
3533
30379
10173
18424
10664
26467
18432
21035
855
17852
28157
4953
17306
8651
2694
5599
29930
8055
10230
6262
428
19418
31244
11957
25259
25066
8186
19159
4549
16984
19640
5311
5349
8888
18846
12857
13617
14307
1842
25731
13956
24473
12351
7948
8990
3435
29479
31611
32666
32472
30073
12019
31521
31415
9670
25749
28638
8149
24497
8519
18353
1758
5702
5300
6440
15233
30861
31636
4267
20687
17502
30510
31222
5348
15222
32283
32205
10186
28363
19020
26602
31130
21533
26703
2363
29668
22990
19405
2634
21073
27891
3416
16893
28295
9643
13667
25727
845
3504
14482
7806
10992
13611
2357
28823
7397
2509
25103
24334
28335
9243
11867
18883
23556
32521
13073
97
23083
19915
23909
26329
31400
25576
23184
15887
24859
25488
23764
25810
20582
9775
12730
9490
4878
4930
3487
24909
17124
22890
12398
13899
13284
15806
18351
25867
1629
30054
12737
6397
9298
15718
1635
24178
11808
9399
2170
23888
6754
15516
25870
11274
3346
9011
25493
20175
10737
7242
27508
14082
26152
11381
707
22251
7471
27229
10832
7596
27886
31323
15079
28534
7458
26694
10193
28156
5635
21385
19099
9512
10788
8568
7193
28685
14234
10724
32425
10782
25696
4588
32188
157
31226
18711
9875
30806
9305
23712
24135
31628
6143
5393
22796
1076
25443
4627
5814
13921
28567
22661
2173
32512
29736
1739
17405
2757
25158
9065
26497
10597
2852
14800
4992
28934
1442
14711
7528
13811
5930
19246
24475
10901
9175
4272
19127
15263
27101
631
7195
31880
3109
24532
23975
14398
12343
25918
4802
31257
13149
15595
13986
8973
15109
23965
28616
24357
9320
19391
7369
3884
5993
28848
7764
31405
16576
31839
625
24095
30551
1304
29959
10585
20724
22941
6561
588
27161
14713
12913
24560
25897
26513
14486
20863
25803
19196
18842
17890
1427
4628
3647
26472
6880
3021
32379
24510
13056
11078
9921
6172
9883
27038
21122
18876
14158
31241
16372
29328
406
1059
16658
564
17904
22660
28132
21282
19774
21396
19456
17445
27757
25248
3921
1552
27477
24366
22551
29103
21216
13454
4655
31230
26223
946
22933
3737
19577
14656
2087
628
10869
18916
20651
19148
14331
2283
2836
10845
3366
19726
5633
7382
12348
22411
29063
5770
9873
12667
30512
27752
3240
29535
21315
30765
31132
11004
9030
19672
12734
21353
24002
3934
27776
4966
26438
18336
12690
13807
30894
15770
4426
4369
15013
14045
15433
20221
14953
10303
15964
19803
7119
12241
24736
1760
11398
27409
30442
15139
15519
32097
7269
18604
24653
23224
9085
27982
32490
10904
15612
24760
21307
22336
6771
32070
16629
7458
4060
27421
9088
11927
30845
374
31226
16338
25360
21050
5247
3858
18720
5072
9896
15644
21942
23858
25425
2537
32565
26695
1440
18844
30851
20077
27459
9655
15721
29524
9208
32397
15933
4627
6739
251
28350
8309
14780
17491
15423
31892
13751
1177
12040
6314
22120
19698
15097
6435
28246
9817
880
6391
23919
7828
5741
2102
17740
15206
25332
22757
21175
11783
28339
28168
16490
23249
3813
256
30490
2364
10358
28951
28340
20492
15208
12634
13543
4553
15733
18599
15586
7536
2038
6150
23647
18280
23811
23356
6624
3767
18396
6046
12344
8822
23687
27940
27470
23426
6843
32190
16926
32373
30717
24299
20992
22997
21769
18823
7981
5259
25203
31716
15999
16534
14478
541
19576
1536
9869
22695
21894
31249
31976
7465
4997
30404
22274
16782
9350
1655
10248
30040
7887
14310
3868
14647
9763
28250
14003
20698
26179
542
17211
1797
5812
17715
5378
30692
27587
16452
24915
21919
6343
15324
26338
23342
18342
27095
16745
24943
10650
17175
8340
19061
1333
28024
26139
14115
26019
15877
28461
15098
20272
11116
3349
560
7433
17583
28952
7682
27719
29
3996
27467
14377
30337
16016
18260
2977
24217
4871
1774
27667
23753
16934
25534
24921
31505
2369
21465
16138
23869
24897
32657
4860
1371
329
18830
23815
15474
29849
7456
29708
29553
18354
30419
15414
12390
4282
23364
4736
23536
22307
12340
4472
759
7816
11227
4930
24730
6359
20094
5343
17513
17333
6724
24240
10453
29982
32070
5685
3556
6988
8677
7451
27690
13275
6496
24950
21492
15914
5286
843
3270
11524
8040
29521
18696
7040
4467
28408
16892
18725
10813
32171
20467
8530
2749
21330
21185
20957
384
15388
32366
13563
23802
30075
24622
4704
14362
6256
12179
31655
29985
30984
16386
18419
23219
7975
9828
29399
1838
15492
26397
25203
11836
17397
16450
22752
21668
1517
25606
5327
32358
30274
14198
25964
774
32564
26983
13705
31784
1452
30124
20984
605
705
26764
28472
11325
22144
30323
12885
950
14317
15335
16649
26019
26181
14782
7463
32672
32646
24974
20281
24605
8241
18022
9320
19634
12367
17851
925
21170
434
15525
7654
17923
9085
7500
32283
8749
3815
30876
15297
432
4411
20545
21806
8091
5923
17615
29934
5978
15655
29760
9830
22224
18801
7332
15799
30374
29395
22292
30438
27874
6411
32488
4153
19899
21061
6442
25572
3755
29153
20554
17636
32711
27767
22546
9004
28492
15640
19933
15103
11130
12247
26884
21405
22181
13704
3994
20769
16777
9416
9049
7594
16350
3134
6875
11705
11052
31264
15118
9178
2017
23800
1250
22407
161
25000
11076
17225
11229
29355
9552
7712
20391
15519
12482
9253
6084
23552
22702
21102
29187
6199
21618
6706
1230
20435
21224
20269
29695
31254
1504
21830
26613
25011
461
20848
2790
31958
17854
25038
28790
1637
32656
8474
7049
15493
24674
31047
5718
26721
5450
2405
20670
4903
14406
8902
14555
3154
19830
8543
16859
9519
8328
9072
19727
17818
5747
25704
10559
15881
18280
16131
7233
31437
29957
6837
10953
31892
12493
18507
4739
14897
18133
4560
10847
20384
16575
429
7469
7748
5356
9493
12905
17012
21998
19872
6488
566
30268
5686
27220
6474
29738
12079
21091
1643
536
13752
7439
15825
32489
6777
4210
25850
21175
23413
20369
31658
964
5425
14059
5681
6068
12056
26449
3308
5370
10014
29431
17678
14481
16548
24780
30368
13292
6811
31239
5063
1839
28909
5634
13638
19359
3352
22604
12355
599
10780
5370
14670
15166
20376
20285
14495
10293
26672
1594
13215
28821
5937
17429
28587
22744
4472
9039
12820
4758
32144
15955
16746
18612
7962
15691
3066
15320
20850
30264
6037
799
5519
21314
7827
17683
14123
29516
32280
31959
19748
14540
22934
8101
6435
15066
6035
13947
2683
19591
7085
16400
26708
3695
25051
28429
26376
16018
24309
6266
11469
14943
19063
26230
2453
26386
13698
9004
26162
29760
4899
12290
11966
11440
5592
32019
15418
18797
1616
5344
373
31513
30579
4162
32559
7556
31650
1700
17279
18814
16192
20078
30834
14569
11377
8644
17909
12562
31777
31601
2805
26433
22601
16414
12740
5006
29549
1992
9151
9719
14698
7025
8238
20912
32110
31509
31339
25274
18760
32735
839
4535
12770
28317
8617
18941
21771
3698
24184
5609
25722
6090
26555
9589
25104
3987
20223
8973
29022
25259
1785
19103
25191
21908
25709
30450
22951
7279
9807
6456
14676
12072
18727
20198
12259
11758
10682
2499
4046
27110
15078
32319
21653
26144
21198
19463
30979
25802
21303
5334
690
21667
12594
30094
26321
12979
8188
5511
11301
13370
25378
16423
28238
19686
3048
15539
9804
25928
9708
22628
23617
21897
5895
22206
9848
30809
13940
15389
6567
27177
24372
9873
3697
18586
432
10475
24623
1589
30881
23576
2288
9820
9517
6830
16062
30080
5714
6853
30244
4501
16264
23048
28141
22211
674
4108
10285
1119
4342
6880
29830
11801
26557
6629
28580
19831
27581
10975
7178
1922
26661
32077
30737
31423
29880
12278
13613
10592
1837
11461
29811
21436
13270
30422
11352
22269
24961
7889
7100
25624
29852
20855
28199
8963
13724
13434
30034
5666
30367
1426
7145
20994
15439
12237
30095
23881
28170
19239
4131
19693
20801
14938
27201
28837
21534
23287
13068
9117
27498
31670
14123
5486
1965
3338
7954
8013
26007
16377
25219
31106
15774
1835
5460
25885
5865
11841
29042
7652
16749
31592
16934
10383
15190
3885
5271
20792
1448
30355
20881
28173
11302
9058
9348
14920
1139
16067
21456
23905
26743
2570
28223
29313
28676
16851
29139
9275
28089
14160
20419
12407
13095
5089
29120
26798
24627
31461
9340
605
16827
32209
2925
19379
893
5759
463
6285
14644
7112
3304
31653
771
25684
17295
8198
20759
2993
20207
22212
2697
3491
26761
11497
7041
11195
31096
7602
11937
20779
16121
13564
5537
26841
6186
13817
9526
22962
24850
6695
2105
7489
32482
31875
19973
9344
378
17658
14369
32494
32303
10272
2847
30689
1996
20260
26307
7710
26582
15364
26984
27047
32021
15869
8864
29652
25423
2630
6427
30117
18519
19709
26570
87
4679
18018
13891
9269
15113
18499
4200
31153
1308
10167
24899
16563
28052
30479
5429
2609
32611
7178
10064
8192
27608
5704
7681
7914
3173
2561
15090
30464
12709
25335
25134
17969
25501
9129
31879
16668
30531
13514
22837
7715
7484
18673
21183
14017
19946
10386
15135
21277
13990
31277
21281
21471
3146
23237
20748
11842
26355
23188
14980
28266
2821
12797
5551
13305
17263
17090
13719
23773
12592
14711
9679
21099
13338
25399
31066
11442
20693
2965
200
8201
14376
30421
11170
26859
21364
19549
6408
10757
31361
1382
7065
28812
13949
13303
13459
21204
13890
13844
19003
23839
22488
10547
7552
16563
27451
12783
17115
31023
4702
27648
8825
23582
25199
5739
17308
18125
10845
20470
26431
24154
664
30687
13817
5646
2584
1741
1315
28652
29856
29703
30525
11146
20036
31460
31630
22304
6185
21635
28939
30431
8844
14779
28794
13956
18437
16725
471
22828
28173
28281
16631
23402
28351
871
13675
31639
20443
27752
24999
7273
27408
22275
19812
13767
27515
18803
3906
18396
17515
20057
6578
1131
1383
2223
20243
8802
12146
17405
8475
4017
28557
21711
16249
30044
25214
23910
6584
16847
17872
19118
14439
11635
14875
7536
12663
28030
31365
21449
15332
2319
11657
1755
9880
1146
13047
4290
13964
22240
4924
20169
12336
24068
29668
21470
4109
17497
13661
8004
13992
3424
7678
11144
2986
15408
13895
27062
23615
18518
14955
31948
30908
21728
17675
18799
21892
23989
5957
11741
13100
20264
8685
30243
4573
15308
13338
24720
29690
9353
29413
18025
13315
1775
32365
15582
29114
9675
26655
16957
23172
16376
24116
19302
20753
10616
12410
17791
14399
31427
4696
24553
25916
19039
15884
12914
31979
9393
23864
5068
16522
13843
23197
13374
3473
23335
294
20633
5341
2922
3112
4462
3341
21004
3304
27262
25645
18687
18782
3698
13458
19022
30776
19148
260
19376
32290
24606
31779
6237
4165
10873
24323
23840
24589
11817
4890
15021
13360
23711
13148
21046
4844
9647
10404
57
24976
10492
25942
14748
7485
7088
1090
16123
4334
13936
20172
6721
11446
16271
28234
6773
25161
1409
19630
16855
10942
23955
26725
23084
6547
31450
8063
9046
8434
12649
13839
20519
27442
31175
7125
17783
28065
18593
13594
20340
6273
3771
10972
16698
18512
29996
1579
12964
23629
10699
6867
20577
5687
20453
1339
29258
10072
26929
16269
27634
3778
19205
4631
19327
11481
29641
25330
31417
12305
21677
10465
30305
16121
25495
1403
4036
889
2399
19085
27792
31575
16447
28346
14565
12800
30341
13668
16303
18310
2443
3536
23860
26853
27881
28036
32745
7562
20969
10740
11146
3606
25404
5470
12905
10335
26859
25331
6407
17591
26768
5687
22497
12402
5573
426
28556
16802
9949
6312
772
22565
25042
6286
27714
28642
30079
19742
32524
10319
29455
29733
28177
25911
31670
1114
1589
27834
30367
23434
13354
9877
25381
6130
2112
24739
6981
8429
11390
15524
6739
8911
241
11070
7149
528
21060
6209
10030
2477
24209
11311
23075
22731
7287
18172
2435
21405
30829
6162
2202
7049
31829
30616
11655
21126
5461
25844
26023
11721
27618
20110
28241
7072
541
1751
1476
158
3171
2699
10333
20472
14367
31795
11790
815
21731
30957
23563
13551
5048
10863
16070
25400
20658
14922
24606
7355
6855
2668
11731
7559
28128
22249
9278
7908
21297
9467
4415
24191
23494
9031
886
8392
10591
24417
14774
12953
31102
29843
9910
11800
26302
6106
23818
1758
21606
9522
30546
8537
14398
4627
20658
31086
13986
26940
8578
7267
17620
13231
21574
31229
17815
29437
9952
20709
21497
4291
27652
14928
12400
26485
237
6367
1064
18522
19278
28356
28316
8920
21388
24359
4452
12530
20266
24264
3661
19727
12165
22501
11183
21757
2241
17758
4859
15925
25859
2327
23956
16225
22496
414
25568
13083
26134
8974
670
6136
5498
5939
19066
20933
14642
10478
19934
4112
20004
32475
268
32235
31662
26930
24682
7916
3224
18155
20764
32120
29767
17958
28632
3649
13363
969
16886
27918
13723
20075
31943
22203
27511
4209
22312
1152
20654
9590
6487
19574
5769
7921
24325
11094
5991
15377
16300
7044
25011
6380
20770
23885
28436
22745
14447
5229
23523
20506
15580
24277
13026
28863
4428
18603
8491
32454
18383
16785
9830
20359
9077
30506
5439
6224
15456
14554
30744
4172
10781
18638
11770
27049
10293
15933
21458
26105
26878
23789
19930
2521
2743
1528
1365
13265
25300
9680
11903
6780
5015
17281
10948
30185
8160
5430
23344
22592
28998
15871
30503
31145
1126
6353
15190
31593
12155
13519
1257
26190
14128
26311
11518
26702
9650
5120
14426
5483
6152
6707
12123
12250
30119
30935
12846
15203
17985
8097
7490
24587
6623
1612
20989
24561
14127
29078
30637
9334
1055
2443
18625
9888
23722
9477
16441
14017
19442
28276
15195
26451
23440
17883
25512
7975
27944
1051
29966
5823
21056
884
13407
17656
5714
4425
10754
32491
12063
11555
29929
20246
1863
14585
18882
18359
5911
32431
29298
21625
32674
11996
25023
20306
23571
15568
12108
23724
15681
15318
4043
21187
900
8630
7534
12366
2760
4734
1182
26209
23775
6530
26864
31122
24092
29602
5717
15963
10269
20171
21137
13503
1768
8897
25326
18224
19514
1819
6705
28849
27931
10895
717
3640
7606
20335
31063
24406
24424
29044
19258
31257
13591
30907
11692
13874
29125
7693
8416
21331
21860
25699
4989
24283
27628
19369
23120
7349
25260
8387
20541
30589
18397
3790
12924
15333
26749
21928
3330
9048
16475
18866
19260
29149
12398
212
16643
11069
28522
20674
16333
9064
26773
638
3104
28181
31959
24351
18253
29097
23057
31184
8538
8538
23728
23323
26432
8852
12162
29032
16727
24987
7624
27328
13838
22899
19340
23511
17631
4861
18485
22602
11650
8034
12120
24613
14177
4532
19409
18088
3405
15315
28947
30283
367
12942
32444
13823
19841
23819
17005
21431
9022
4969
11224
22567
8470
4259
1818
10187
32551
15288
12620
13612
2153
3081
31572
10335
13352
3330
12033
8142
29624
17660
27224
28219
2148
866
17704
31233
30119
23059
29925
8605
25503
17928
25266
18798
1470
19255
26560
30393
22979
1975
9175
7152
21224
548
8754
31284
17757
14149
16528
15384
9718
10988
3208
11688
29217
30
2845
13738
21530
23668
7826
29731
22370
6849
32384
10781
16749
4341
30245
20136
25242
27970
23807
29983
29545
28285
32153
26796
20969
31686
24230
8462
13167
24427
8780
29850
7821
10506
28610
11136
16706
31478
6941
22608
30575
18140
32615
6589
5514
15783
16114
10656
19350
30368
24043
23872
13395
4570
27442
31440
25778
22989
11113
2105
3979
10305
31308
30490
4498
4718
22080
21005
31112
8289
18990
20269
24750
5025
10641
27605
10111
275
21198
30122
27294
16923
27589
9435
17422
260
19621
11175
11425
25762
3332
24352
4531
7989
26415
23855
29463
25745
26046
21465
7506
2940
3948
19904
21511
24152
1318
10221
179
24322
18018
5324
14747
505
4018
20600
13570
9411
1945
27193
31902
17292
11677
18252
30029
12817
16285
17122
3845
23484
2405
3946
12553
20240
21120
15635
13923
6216
24141
2445
3726
12091
12886
23824
22131
31875
5852
6304
32151
14814
1463
6543
19346
12756
31581
5699
22979
8859
24128
14394
21826
18487
28765
5962
7446
20965
32529
31278
4264
18106
17711
62
8824
7560
13137
6270
783
3073
4715
27098
30773
20767
13478
4272
13411
32451
10347
21903
17019
1692
8637
16703
22967
3658
3533
12801
11743
20163
1224
22039
4032
758
3572
12167
29145
10671
27131
1309
9559
7867
22407
25775
25412
20300
1550
6820
30203
3487
10992
17079
5855
18395
27839
22009
21580
9789
6365
23061
5070
21618
22349
5592
1169
31300
20675
28401
5657
10105
31485
21749
18227
14072
32598
23974
24876
27950
28569
30324
29504
21936
15635
20292
8789
9250
9708
25201
8426
7255
3255
15888
25418
17849
28231
29305
25605
28140
27076
18947
3232
16046
3839
11790
5772
27394
26371
23879
30805
14221
27373
22311
13084
25152
23805
8381
5191
11575
14316
18094
16247
4321
10368
16506
5306
22882
17759
6400
18179
13109
31009
69
14039
27414
21160
10865
25928
25887
12212
8218
4903
3889
30130
25541
24694
21141
19669
4266
28
18659
4456
22200
21468
14371
28515
30681
1160
6707
23612
10871
27250
13161
25343
1343
23076
31864
30369
22565
10577
25496
16018
5800
11
10465
4497
14167
18997
23032
4804
11412
23868
12526
9480
23192
9730
23141
10374
11959
29467
26357
13959
15333
12092
27598
20361
122
8176
5790
12177
14642
31885
14517
15556
25976
29031
3431
17457
24804
25411
16305
30962
13826
1807
29472
26995
3669
8656
21487
24337
25499
1243
29295
23527
22099
6728
28076
10980
19837
5540
12622
13857
17313
7398
19133
6002
25874
32164
6537
5948
25460
17031
24328
3462
8828
15613
28993
22866
8695
22317
5384
25133
18702
16944
17259
22533
30408
21630
24141
9531
31696
11430
6225
18169
24953
27715
5114
32710
8703
7979
32272
6231
13840
8937
10053
8872
7050
8814
24856
29516
14727
31235
8698
17666
17815
6018
13487
14984
3660
10950
30456
12980
20220
14944
27503
8896
28866
28811
8882
27366
23750
13411
16323
22828
17342
25425
7087
20098
32437
16074
19566
14858
27915
25145
4875
24247
29630
21817
29957
5913
487
3592
1268
2935
16008
30776
7791
3615
17284
21416
6446
4602
2543
32691
14188
28515
27528
1703
21391
27449
23940
32121
4363
13363
18574
2999
5252
19060
8715
12221
1843
1376
10914
4908
27018
11181
30204
920
31003
20925
8136
25473
11702
29227
20995
10117
4561
29860
118
13267
31277
5880
32128
11747
24759
27760
19477
5733
26285
26467
21255
16247
16897
8452
21892
29466
6658
21374
21729
24039
5945
14915
16277
4606
10897
19616
4489
13888
20412
1686
18831
13758
20177
13285
22575
880
16698
29033
27562
17963
24013
22697
15673
205
20537
2478
17302
2747
8100
1809
28349
27789
26770
6232
20724
29959
28169
9859
22793
6731
17907
18145
475
31566
9411
26664
6939
5513
3163
21957
3924
753
25133
1393
19241
21544
12449
25349
10719
23285
6071
3727
2843
30962
12526
16549
30188
18052
27236
18681
27915
9744
7486
23342
22626
5996
25418
7658
10188
24468
28643
12333
4892
22687
28694
6369
7008
32241
13827
21682
12647
2225
13189
30239
9600
12414
2069
3025
17541
25693
9707
16684
17944
4086
21095
27941
28717
16641
1456
851
5065
16635
28059
6984
18184
30493
6094
545
101
9870
1829
2652
30518
23768
14420
3562
28022
9369
22990
22149
18119
20603
15078
24644
4279
29285
13876
10861
24643
21235
6971
2698
10394
32036
23368
13759
28451
12883
32157
29786
192
23145
7887
13228
3157
17488
32621
27160
18052
19115
26082
361
31419
12484
22429
15208
11633
19397
28015
17583
13228
19500
18228
27064
25543
15225
25269
8761
17266
553
22989
26292
22266
2536
19403
1097
30155
20483
30232
25296
18483
31772
16410
28964
21096
20257
15959
11201
12493
32383
28894
29074
26993
20370
16611
6916
30424
1888
425
1887
28671
648
30885
5206
29082
2421
12512
13277
11424
13527
7581
5178
15881
30292
20540
3679
13271
6522
17758
20087
25427
20729
3402
27327
29849
9231
21391
23703
18262
20547
2539
4057
5329
29526
14956
31849
29480
4471
17621
32269
7644
19382
2883
24191
10128
23227
21008
17857
30990
8632
22264
1201
16779
28060
25466
28125
15404
13450
24193
12440
28361
27017
8516
27214
17904
14461
4971
25108
12845
15958
21107
8835
10888
4487
26707
26055
14416
11961
21856
2035
28695
7617
29038
29591
31742
25296
26680
15509
6963
4074
21762
23856
15031
2714
16764
18790
2917
23011
3050
19584
14640
4217
30850
25831
10156
10034
29205
4665
22480
23479
15858
18844
23290
26495
9992
1107
30515
8958
25674
7311
24756
26905
15960
27783
11434
20190
14427
25546
24887
882
16432
1748
18105
27722
10698
3296
24142
20894
31185
4094
8600
12059
17295
869
28605
31961
7693
25610
19378
1164
29817
22386
20410
5886
13771
11460
31273
13757
10153
29730
14190
1296
24711
8249
19792
6704
11538
26135
2936
31157
25807
20285
25904
23119
29183
12790
22634
32694
4295
999
17924
16868
2445
15078
8010
5249
27301
12304
3261
8863
1325
14613
29203
21159
12597
27607
29566
18067
7460
16436
24625
11358
11350
1055
9761
29369
10506
22006
13064
13824
19836
6415
26288
31084
26702
6293
