1
15
20
23
25
28
37
45
47
57
68
72
77
84
90
90
90
100
115
137
141
141
145
148
154
162
167
172
177
182
190
199
213
220
222
227
237
253
260
268
282
297
301
303
304
317
326
345
363
366
371
371
374
377
383
387
388
398
407
410
415
415
416
418
420
431
434
437
462
464
470
475
480
497
501
508
509
524
528
529
531
551
552
558
567
583
587
597
610
610
618
625
627
630
636
640
660
667
672
675
681
686
690
698
703
703
705
706
712
727
735
737
739
751
764
766
767
771
786
787
788
795
797
798
800
810
811
827
831
838
839
861
862
863
867
869
872
880
886
900
902
930
938
941
944
944
947
954
975
995
1006
1012
1030
1030
1035
1042
1046
1080
1094
1101
1104
1106
1108
1113
1118
1124
1134
1137
1143
1146
1154
1164
1166
1171
1172
1183
1206
1207
1215
1224
1225
1227
1228
1234
1243
1244
1245
1254
1255
1258
1265
1266
1268
1273
1274
1326
1332
1338
1341
1353
1355
1359
1381
1381
1391
1396
1399
1405
1409
1410
1410
1425
1432
1437
1439
1445
1447
1452
1465
1477
1482
1491
1491
1496
1500
1528
1531
1531
1539
1546
1556
1568
1578
1581
1587
1587
1594
1603
1612
1616
1623
1626
1638
1654
1657
1662
1667
1677
1684
1694
1694
1699
1703
1705
1705
1706
1709
1714
1716
1723
1734
1741
1754
1781
1788
1789
1789
1797
1802
1804
1806
1816
1819
1827
1835
1842
1845
1856
1861
1863
1864
1866
1882
1886
1893
1902
1914
1916
1924
1925
1925
1925
1933
1939
1942
1943
1951
1961
1979
1984
1993
2002
2007
2021
2025
2026
2029
2029
2030
2032
2034
2043
2045
2050
2050
2050
2054
2064
2065
2065
2066
2069
2071
2074
2075
2078
2088
2094
2098
2099
2105
2118
2119
2129
2146
2160
2164
2168
2181
2188
2199
2209
2218
2228
2250
2277
2278
2281
2287
2289
2296
2307
2323
2331
2331
2332
2337
2344
2350
2372
2377
2379
2380
2383
2386
2391
2393
2398
2398
2398
2414
2415
2420
2431
2433
2439
2443
2456
2463
2466
2469
2474
2478
2489
2491
2515
2519
2524
2526
2526
2541
2548
2585
2585
2591
2594
2603
2608
2609
2613
2619
2619
2621
2624
2634
2643
2646
2647
2650
2659
2660
2661
2662
2664
2673
2676
2687
2690
2703
2710
2715
2716
2725
2728
2739
2749
2750
2752
2762
2775
2777
2790
2792
2807
2825
2827
2829
2837
2838
2839
2844
2848
2852
2855
2944
2948
2948
2959
2973
2976
2985
2986
2987
3000
3004
3012
3020
3022
3023
3032
3036
3069
3078
3092
3106
3112
3123
3127
3127
3144
3146
3154
3162
3163
3198
3217
3217
3234
3235
3238
3241
3243
3252
3253
3257
3260
3266
3279
3279
3282
3285
3287
3309
3317
3320
3354
3356
3375
3388
3396
3398
3406
3420
3425
3428
3435
3458
3461
3461
3465
3469
3470
3472
3490
3501
3514
3523
3524
3526
3527
3536
3544
3546
3555
3559
3561
3561
3567
3568
3572
3577
3587
3589
3613
3616
3617
3617
3621
3635
3636
3644
3650
3656
3659
3665
3666
3674
3681
3686
3696
3698
3700
3706
3719
3719
3723
3729
3734
3735
3744
3749
3751
3765
3771
3771
3772
3775
3781
3787
3789
3802
3808
3812
3817
3826
3843
3848
3856
3864
3865
3865
3871
3872
3881
3886
3897
3903
3905
3908
3913
3916
3921
3925
3935
3939
3950
3952
3959
3971
3988
3992
3995
4000
4001
4004
4010
4012
4020
4027
4028
4044
4047
4092
4092
4112
4116
4117
4121
4123
4127
4139
4149
4150
4167
4169
4188
4189
4195
4198
4199
4200
4200
4205
4221
4224
4227
4234
4237
4237
4246
4251
4255
4279
4282
4285
4293
4295
4302
4304
4306
4306
4309
4316
4321
4322
4322
4337
4348
4361
4363
4372
4389
4391
4397
4399
4403
4407
4409
4410
4413
4413
4415
4421
4425
4429
4431
4432
4436
4438
4439
4447
4460
4470
4473
4474
4477
4485
4497
4500
4502
4508
4509
4513
4530
4537
4539
4550
4562
4564
4568
4569
4577
4592
4605
4609
4611
4617
4638
4642
4643
4655
4662
4665
4670
4678
4682
4683
4685
4688
4689
4692
4703
4704
4709
4724
4730
4732
4742
4750
4751
4761
4761
4762
4766
4772
4783
4788
4795
4806
4807
4810
4813
4824
4826
4850
4854
4855
4876
4901
4915
4919
4920
4922
4925
4925
4930
4931
4946
4948
4955
4959
4973
4980
4981
4986
4987
5004
5018
5021
5034
5035
5035
5047
5050
5051
5053
5064
5071
5081
5094
5096
5105
5107
5134
5138
5140
5140
5144
5154
5156
5174
5187
5189
5203
5206
5209
5214
5233
5235
5237
5249
5249
5251
5256
5275
5278
5278
5300
5306
5311
5312
5315
5320
5331
5340
5343
5348
5351
5352
5354
5356
5363
5386
5392
5393
5403
5409
5413
5418
5448
5462
5475
5489
5511
5512
5519
5521
5521
5530
5538
5542
5546
5549
5561
5568
5570
5578
5580
5584
5587
5591
5596
5619
5621
5631
5639
5659
5659
5660
5672
5675
5677
5680
5682
5692
5693
5694
5695
5699
5701
5702
5707
5713
5721
5726
5740
5741
5745
5750
5756
5762
5765
5772
5775
5783
5793
5794
5794
5798
5801
5809
5819
5820
5826
5830
5845
5845
5851
5879
5883
5898
5912
5917
5956
5958
5959
5965
5979
5984
5987
5996
5996
6002
6003
6013
6016
6025
6043
6051
6060
6067
6089
6091
6094
6096
6102
6115
6122
6127
6130
6133
6134
6140
6145
6150
6152
6164
6173
6184
6184
6190
6197
6209
6210
6212
6213
6219
6221
6231
6253
6257
6257
6258
6266
6275
6288
6291
6296
6298
6300
6303
6335
6335
6337
6339
6349
6361
6363
6367
6368
6369
6372
6375
6377
6391
6392
6398
6408
6411
6418
6423
6438
6444
6449
6475
6484
6484
6490
6509
6509
6523
6530
6535
6546
6567
6580
6582
6598
6607
6624
6629
6635
6645
6655
6662
6673
6673
6685
6685
6685
6689
6692
6693
6694
6695
6698
6700
6703
6704
6717
6718
6719
6730
6733
6744
6746
6747
6762
6763
6767
6768
6773
6777
6794
6797
6809
6813
6824
6831
6838
6847
6849
6856
6858
6862
6862
6864
6868
6875
6881
6888
6893
6894
6899
6900
6906
6907
6914
6916
6916
6929
6935
6941
6946
6963
6968
6969
6982
6990
6990
6996
7001
7008
7026
7030
7047
7054
7056
7058
7058
7072
7072
7081
7087
7091
7103
7107
7125
7136
7140
7155
7166
7179
7184
7185
7189
7194
7196
7204
7208
7211
7221
7223
7229
7240
7242
7253
7253
7254
7268
7270
7273
7274
7277
7285
7287
7298
7303
7315
7326
7334
7339
7357
7366
7373
7393
7413
7413
7417
7418
7426
7434
7440
7443
7456
7463
7464
7467
7471
7475
7478
7483
7485
7487
7491
7491
7492
7504
7507
7516
7522
7524
7526
7535
7540
7546
7546
7561
7573
7588
7589
7596
7604
7613
7614
7619
7625
7633
7634
7639
7658
7659
7660
7666
7675
7682
7688
7693
7693
7701
7705
7716
7718
7718
7720
7726
7726
7739
7756
7770
7773
7777
7782
7785
7787
7799
7802
7807
7810
7855
7856
7862
7878
7883
7883
7887
7895
7896
7903
7905
7909
7917
7917
7925
7930
7933
7942
7943
7965
7971
7971
7976
7977
7977
7985
7997
7997
8012
8012
8018
8026
8035
8054
8056
8057
8064
8073
8077
8082
8086
8091
8091
8098
8103
8106
8106
8106
8107
8107
8108
8113
8113
8117
8119
8130
8154
8162
8168
8177
8181
8182
8189
8190
8192
8197
8198
8231
8235
8258
8283
8286
8288
8292
8294
8298
8303
8337
8344
8358
8359
8360
8368
8373
8373
8373
8374
8378
8380
8386
8387
8388
8394
8400
8415
8418
8425
8428
8428
8434
8442
8463
8468
8475
8484
8493
8498
8505
8511
8513
8522
8525
8529
8532
8541
8544
8549
8550
8552
8579
8581
8592
8594
8597
8611
8641
8643
8643
8650
8653
8666
8667
8667
8672
8685
8690
8692
8696
8702
8708
8722
8724
8727
8731
8732
8734
8740
8752
8753
8778
8778
8785
8787
8795
8807
8819
8822
8825
8828
8839
8848
8852
8860
8874
8875
8879
8889
8890
8898
8902
8911
8918
8933
8933
8938
8941
8944
8946
8954
8957
8961
8963
8964
8984
8985
8993
8994
9001
9009
9012
9017
9025
9033
9047
9062
9067
9067
9072
9078
9084
9087
9095
9107
9142
9143
9143
9145
9164
9164
9166
9170
9172
9183
9188
9188
9193
9196
9217
9228
9234
9246
9247
9247
9265
9275
9289
9297
9319
9345
9354
9359
9361
9365
9376
9384
9387
9395
9407
9420
9428
9428
9429
9431
9450
9452
9478
9479
9485
9487
9496
9499
9501
9502
9537
9538
9539
9541
9549
9556
9561
9562
9563
9564
9569
9573
9588
9590
9599
9605
9606
9609
9643
9651
9653
9662
9671
9687
9690
9690
9699
9699
9702
9704
9710
9711
9716
9721
9726
9742
9747
9747
9765
9772
9793
9806
9815
9818
9827
9836
9836
9845
9847
9859
9867
9894
9914
9914
9924
9929
9942
9947
9947
9948
9951
9953
9961
9963
9969
9981
9982
10001
10002
10005
10018
10018
10038
10039
10049
10053
10068
10072
10078
10090
10090
10093
10094
10098
10100
10115
10120
10122
10127
10145
10158
10160
10161
10176
10180
10181
10188
10197
10203
10210
10215
10219
10223
10233
10240
10240
10250
10258
10263
10264
10269
10274
10276
10282
10287
10291
10297
10298
10300
10302
10317
10322
10325
10330
10341
10365
10371
10371
10377
10388
10391
10394
10397
10400
10401
10408
10410
10417
10439
10446
10447
10449
10450
10453
10456
10460
10463
10469
10474
10477
10494
10494
10495
10504
10506
10507
10527
10530
10531
10556
10558
10560
10573
10580
10584
10597
10604
10605
10605
10632
10638
10648
10648
10674
10677
10687
10697
10699
10699
10704
10714
10717
10719
10737
10742
10746
10751
10752
10755
10756
10764
10770
10778
10779
10782
10787
10792
10797
10797
10802
10805
10808
10812
10813
10813
10823
10824
10828
10838
10849
10853
10860
10872
10876
10878
10879
10900
10925
10925
10939
10944
10948
10959
10963
10971
10980
10982
10984
10992
11021
11043
11046
11048
11049
11062
11073
11075
11088
11101
11103
11114
11121
11137
11154
11160
11186
11187
11209
11210
11210
11227
11230
11231
11240
11258
11274
11304
11304
11337
11343
11347
11350
11351
11358
11362
11363
11381
11385
11397
11400
11420
11425
11430
11431
11444
11444
11447
11453
11456
11457
11463
11463
11465
11473
11486
11486
11494
11499
11500
11506
11508
11528
11532
11541
11552
11558
11564
11575
11577
11585
11612
11612
11619
11620
11643
11644
11652
11653
11656
11659
11684
11687
11687
11694
11696
11711
11718
11719
11721
11723
11738
11741
11743
11753
11754
11762
11773
11788
11808
11821
11842
11852
11855
11858
11859
11861
11881
11902
11905
11911
11915
11921
11925
11928
11928
11929
11942
11945
11951
11953
11955
11962
11985
11991
11999
12000
12004
12005
12027
12032
12036
12038
12039
12040
12041
12042
12048
12056
12059
12065
12068
12069
12075
12084
12093
12102
12104
12104
12110
12113
12140
12152
12154
12158
12172
12190
12196
12197
12218
12218
12222
12242
12245
12248
12249
12250
12250
12270
12273
12281
12306
12315
12320
12328
12336
12337
12349
12353
12359
12360
12372
12384
12389
12394
12412
12413
12413
12415
12415
12436
12444
12455
12473
12483
12483
12490
12494
12499
12504
12515
12519
12526
12529
12535
12537
12543
12561
12564
12578
12582
12586
12592
12593
12596
12610
12613
12619
12623
12625
12637
12651
12656
12700
12705
12707
12712
12716
12728
12746
12747
12747
12749
12763
12771
12780
12788
12788
12789
12793
12798
12798
12804
12806
12807
12807
12809
12823
12832
12833
12848
12848
12855
12860
12862
12865
12869
12877
12879
12891
12891
12892
12896
12903
12912
12915
12919
12920
12926
12937
12940
12941
12948
12951
12953
12955
12956
12959
12972
12975
12979
12999
13028
13039
13041
13047
13048
13048
13057
13064
13073
13082
13094
13095
13095
13101
13112
13117
13120
13138
13158
13163
13168
13179
13188
13197
13202
13211
13213
13235
13237
13260
13265
13266
13270
13273
13279
13281
13285
13288
13293
13294
13297
13311
13312
13316
13318
13321
13331
13342
13347
13365
13381
13384
13388
13394
13399
13404
13407
13417
13426
13437
13440
13441
13452
13458
13460
13463
13484
13485
13491
13496
13497
13505
13506
13517
13521
13529
13530
13536
13538
13555
13557
13567
13573
13577
13577
13580
13589
13599
13600
13611
13619
13627
13631
13643
13645
13649
13652
13657
13663
13674
13675
13685
13686
13696
13704
13705
13707
13707
13715
13717
13720
13740
13748
13760
13770
13772
13790
13790
13793
13811
13824
13833
13851
13854
13855
13862
13876
13886
13888
13903
13906
13911
13914
13917
13925
13933
13946
13947
13964
13965
13975
13977
13991
14017
14019
14020
14039
14050
14059
14061
14072
14077
14096
14099
14106
14107
14115
14115
14124
14127
14183
14188
14190
14222
14229
14232
14241
14248
14261
14265
14268
14278
14293
14294
14302
14316
14320
14332
14337
14361
14368
14373
14377
14383
14385
14394
14395
14398
14399
14400
14423
14430
14442
14450
14452
14455
14460
14466
14473
14486
14497
14502
14506
14512
14517
14524
14541
14565
14568
14582
14597
14605
14614
14616
14619
14635
14636
14639
14640
14644
14658
14662
14668
14672
14677
14705
14712
14714
14731
14733
14749
14750
14758
14767
14775
14776
14777
14779
14781
14781
14784
14789
14797
14799
14817
14828
14833
14840
14868
14870
14871
14878
14881
14889
14890
14894
14898
14901
14904
14904
14923
14927
14938
14945
14951
14955
14956
14957
14958
14959
14964
14969
14970
14972
14972
14979
14985
14987
14990
14991
14992
15002
15008
15012
15013
15017
15020
15022
15023
15031
15031
15053
15060
15089
15094
15117
15138
15152
15154
15155
15174
15177
15179
15183
15199
15203
15207
15217
15229
15232
15249
15268
15271
15281
15285
15304
15311
15314
15315
15323
15344
15347
15352
15355
15355
15357
15369
15371
15380
15385
15390
15393
15399
15406
15408
15418
15420
15429
15444
15450
15454
15458
15460
15467
15467
15469
15469
15471
15472
15480
15497
15505
15506
15533
15535
15536
15543
15544
15546
15565
15589
15600
15605
15609
15610
15615
15616
15616
15622
15626
15628
15634
15635
15644
15651
15654
15665
15670
15682
15690
15692
15693
15707
15717
15719
15721
15722
15727
15739
15743
15744
15748
15752
15768
15772
15781
15794
15804
15807
15812
15815
15816
15822
15825
15828
15837
15857
15866
15868
15869
15871
15872
15879
15881
15901
15918
15925
15937
15937
15939
15944
15953
15955
15961
15962
15966
15970
15986
15991
15992
15993
16000
16000
16006
16015
16016
16016
16019
16020
16024
16028
16028
16031
16031
16048
16056
16057
16070
16085
16088
16089
16093
16094
16095
16099
16100
16109
16111
16116
16131
16135
16139
16139
16148
16157
16174
16179
16182
16188
16191
16206
16218
16227
16234
16242
16244
16255
16279
16281
16288
16303
16313
16333
16354
16361
16378
16387
16391
16395
16397
16405
16411
16432
16448
16451
16460
16461
16463
16464
16474
16479
16491
16498
16500
16502
16518
16540
16567
16573
16587
16588
16590
16598
16603
16608
16620
16628
16678
16678
16683
16696
16702
16703
16708
16709
16712
16717
16724
16729
16736
16736
16739
16739
16744
16750
16757
16760
16764
16765
16778
16782
16800
16800
16804
16811
16812
16827
16828
16834
16834
16838
16845
16874
16876
16878
16882
16884
16891
16897
16902
16913
16916
16917
16921
16934
16935
16953
16979
16981
16981
17008
17011
17013
17016
17019
17028
17032
17034
17041
17049
17049
17051
17059
17065
17072
17077
17088
17089
17089
17098
17108
17112
17120
17139
17140
17148
17153
17156
17156
17161
17162
17162
17164
17173
17173
17181
17184
17184
17185
17191
17192
17194
17210
17230
17230
17235
17235
17251
17252
17252
17255
17258
17274
17283
17290
17301
17314
17318
17318
17322
17330
17331
17334
17346
17366
17374
17375
17376
17388
17392
17401
17403
17415
17454
17462
17470
17479
17481
17484
17491
17493
17499
17500
17500
17501
17526
17540
17552
17554
17564
17569
17570
17575
17576
17586
17605
17616
17616
17621
17629
17644
17646
17657
17659
17662
17664
17668
17669
17670
17682
17684
17688
17691
17691
17705
17709
17709
17710
17723
17727
17740
17742
17745
17751
17760
17774
17774
17781
17784
17786
17792
17794
17801
17802
17803
17804
17806
17809
17818
17829
17836
17843
17852
17852
17852
17852
17859
17867
17867
17889
17903
17904
17905
17908
17911
17915
17925
17938
17938
17940
17942
17945
17950
17960
17970
17975
17995
17999
18001
18008
18025
18034
18040
18043
18046
18060
18064
18065
18075
18093
18098
18098
18126
18135
18138
18147
18158
18166
18178
18189
18197
18198
18201
18221
18232
18249
18254
18261
18284
18296
18300
18300
18304
18313
18316
18321
18326
18328
18345
18345
18352
18359
18362
18380
18385
18388
18390
18403
18413
18421
18422
18424
18424
18425
18433
18442
18443
18443
18445
18446
18452
18455
18460
18461
18464
18468
18469
18470
18481
18482
18493
18503
18536
18538
18545
18551
18566
18569
18574
18583
18589
18590
18595
18596
18596
18600
18605
18610
18614
18627
18627
18636
18655
18655
18664
18667
18674
18677
18687
18700
18703
18706
18710
18711
18725
18726
18727
18727
18740
18747
18747
18752
18756
18763
18763
18764
18769
18771
18771
18779
18781
18782
18785
18787
18796
18803
18804
18811
18812
18822
18823
18826
18835
18847
18847
18848
18849
18863
18880
18887
18888
18904
18908
18913
18916
18920
18929
18934
18934
18955
18962
18964
18968
18971
18972
18972
18976
18978
18983
18985
19018
19023
19032
19056
19058
19066
19071
19077
19078
19084
19093
19109
19127
19129
19149
19150
19158
19164
19168
19199
19202
19207
19217
19220
19224
19240
19245
19251
19264
19271
19274
19275
19287
19288
19289
19291
19292
19293
19293
19295
19326
19331
19340
19355
19372
19374
19380
19387
19397
19411
19414
19418
19421
19422
19427
19428
19435
19449
19460
19463
19464
19467
19469
19479
19480
19483
19484
19490
19495
19496
19499
19501
19514
19517
19529
19530
19539
19550
19553
19560
19563
19579
19586
19595
19602
19605
19612
19615
19622
19624
19628
19629
19629
19636
19640
19647
19649
19652
19654
19661
19663
19685
19688
19689
19691
19697
19707
19712
19713
19717
19725
19732
19736
19738
19744
19751
19753
19756
19763
19774
19778
19786
19790
19797
19805
19806
19822
19827
19869
19874
19879
19881
19881
19882
19894
19905
19906
19913
19922
19924
19942
19946
19946
19957
19959
19968
19972
19974
19980
19984
19989
19990
19999
19999
20002
20017
20022
20022
20023
20027
20032
20036
20037
20038
20041
20042
20049
20053
20056
20057
20083
20089
20091
20103
20114
20116
20116
20117
20133
20142
20145
20150
20157
20159
20161
20165
20173
20180
20183
20187
20192
20202
20204
20220
20224
20227
20232
20250
20251
20255
20270
20275
20278
20282
20288
20297
20304
20318
20319
20321
20325
20333
20334
20339
20340
20343
20344
20347
20353
20359
20367
20368
20368
20371
20380
20399
20401
20406
20411
20428
20435
20440
20444
20444
20449
20452
20456
20456
20461
20463
20463
20479
20513
20515
20520
20525
20535
20536
20543
20556
20565
20566
20575
20584
20593
20598
20600
20604
20610
20616
20618
20627
20631
20634
20638
20640
20642
20646
20649
20656
20669
20671
20673
20674
20676
20676
20697
20702
20714
20725
20734
20747
20753
20759
20769
20770
20778
20779
20790
20795
20800
20802
20805
20809
20823
20826
20840
20847
20847
20848
20851
20864
20873
20879
20880
20883
20892
20895
20896
20917
20921
20925
20925
20931
20934
20937
20944
20959
20967
20975
20978
20979
20985
20997
20998
21003
21006
21006
21011
21013
21014
21019
21028
21044
21049
21056
21058
21069
21081
21086
21088
21089
21091
21100
21101
21104
21110
21115
21115
21132
21136
21153
21154
21154
21155
21163
21175
21183
21184
21194
21202
21214
21224
21244
21256
21256
21260
21270
21270
21273
21288
21289
21290
21300
21301
21312
21321
21331
21339
21343
21345
21354
21367
21370
21374
21374
21375
21379
21389
21394
21400
21407
21415
21417
21425
21426
21428
21434
21435
21439
21448
21452
21455
21465
21466
21479
21481
21485
21496
21501
21517
21526
21535
21540
21545
21557
21559
21562
21563
21565
21568
21585
21585
21587
21588
21591
21596
21605
21615
21618
21625
21649
21650
21654
21660
21680
21694
21699
21700
21704
21708
21709
21720
21724
21725
21727
21732
21745
21750
21756
21763
21770
21774
21780
21792
21795
21804
21813
21813
21814
21826
21827
21827
21834
21836
21859
21870
21878
21887
21888
21890
21891
21901
21903
21913
21922
21922
21929
21947
21948
21959
21960
21967
21975
21984
21985
21989
21999
22012
22014
22022
22029
22032
22033
22035
22043
22050
22060
22061
22070
22073
22085
22085
22090
22091
22092
22104
22105
22106
22110
22153
22177
22178
22184
22187
22189
22191
22212
22215
22215
22218
22219
22222
22223
22241
22244
22249
22252
22258
22264
22271
22272
22291
22291
22295
22302
22304
22309
22313
22318
22324
22331
22332
22336
22336
22341
22356
22356
22361
22371
22372
22376
22378
22383
22385
22385
22387
22418
22427
22444
22449
22452
22454
22463
22490
22494
22495
22497
22501
22530
22536
22570
22571
22572
22572
22580
22586
22595
22596
22601
22604
22606
22608
22623
22629
22633
22640
22650
22655
22655
22674
22677
22685
22686
22686
22693
22704
22705
22710
22711
22712
22714
22723
22734
22741
22754
22755
22755
22757
22767
22771
22804
22807
22808
22810
22826
22831
22831
22842
22857
22859
22860
22863
22869
22869
22870
22881
22888
22889
22894
22898
22898
22901
22910
22923
22935
22939
22942
22943
22946
22952
22953
22956
22971
22978
22981
22988
22998
23000
23002
23005
23007
23016
23016
23017
23022
23022
23023
23031
23034
23034
23035
23037
23045
23047
23063
23130
23131
23145
23150
23150
23156
23159
23171
23200
23203
23208
23218
23225
23225
23233
23236
23256
23259
23259
23266
23273
23283
23286
23288
23292
23296
23296
23296
23301
23303
23324
23336
23340
23346
23355
23360
23375
23376
23378
23382
23386
23388
23392
23396
23406
23414
23415
23416
23438
23443
23461
23474
23479
23486
23489
23494
23498
23500
23503
23503
23513
23517
23535
23546
23547
23562
23565
23568
23590
23594
23614
23615
23615
23629
23630
23638
23643
23644
23646
23655
23656
23658
23658
23662
23666
23668
23671
23697
23701
23704
23704
23714
23714
23722
23728
23740
23750
23755
23759
23760
23761
23770
23776
23792
23794
23803
23815
23828
23829
23832
23834
23842
23842
23843
23847
23849
23857
23863
23875
23893
23900
23901
23906
23911
23916
23916
23921
23923
23924
23932
23952
23955
23965
23965
23973
23983
23995
23997
24000
24001
24008
24009
24017
24022
24025
24027
24049
24058
24070
24079
24098
24103
24107
24125
24126
24148
24171
24173
24177
24187
24200
24207
24216
24242
24251
24252
24255
24272
24278
24281
24298
24312
24320
24323
24339
24347
24363
24366
24383
24385
24407
24434
24435
24449
24452
24455
24456
24458
24460
24461
24466
24468
24494
24497
24500
24508
24523
24524
24534
24535
24544
24544
24544
24546
24553
24570
24586
24588
24593
24595
24607
24608
24611
24612
24620
24621
24621
24621
24628
24634
24637
24639
24644
24647
24653
24654
24667
24680
24681
24682
24707
24708
24711
24716
24719
24722
24727
24729
24729
24757
24763
24764
24765
24768
24770
24777
24777
24787
24795
24800
24804
24807
24811
24813
24814
24828
24829
24853
24859
24859
24863
24865
24868
24882
24886
24904
24908
24908
24912
24932
24939
24940
24946
24952
24957
24972
24973
24985
25000
25008
25024
25024
25038
25045
25048
25049
25057
25059
25065
25066
25067
25069
25070
25084
25086
25087
25100
25102
25105
25106
25110
25115
25126
25131
25149
25156
25159
25162
25168
25172
25188
25198
25205
25206
25209
25210
25215
25218
25223
25231
25239
25247
25248
25265
25269
25270
25270
25274
25303
25304
25331
25338
25361
25363
25374
25375
25380
25383
25390
25392
25395
25402
25408
25411
25421
25441
25442
25443
25445
25452
25453
25455
25458
25471
25472
25502
25521
25522
25527
25532
25533
25535
25536
25541
25552
25569
25570
25573
25576
25581
25582
25600
25605
25611
25625
25628
25628
25632
25639
25643
25646
25651
25652
25656
25661
25668
25669
25676
25684
25687
25714
25719
25734
25739
25743
25756
25762
25764
25778
25780
25789
25794
25805
25807
25808
25809
25810
25820
25827
25830
25847
25847
25858
25860
25867
25868
25878
25889
25896
25899
25910
25913
25915
25922
25926
25927
25932
25932
25940
25948
25949
25949
25960
25976
25978
25981
25988
25993
25994
25995
25998
26000
26008
26010
26013
26022
26026
26029
26035
26058
26066
26068
26071
26073
26079
26096
26100
26100
26102
26105
26114
26124
26128
26130
26140
26140
26144
26147
26150
26160
26169
26195
26200
26201
26207
26217
26218
26245
26257
26269
26271
26275
26277
26286
26289
26289
26297
26298
26318
26324
26341
26343
26358
26362
26368
26380
26380
26381
26390
26393
26396
26402
26403
26411
26415
26435
26437
26445
26452
26470
26471
26476
26476
26477
26497
26498
26512
26523
26526
26535
26539
26545
26548
26549
26559
26559
26561
26575
26598
26601
26602
26612
26613
26617
26633
26639
26655
26658
26660
26660
26666
26671
26681
26691
26692
26697
26705
26717
26728
26735
26747
26752
26754
26756
26761
26784
26799
26806
26826
26830
26833
26835
26837
26842
26843
26848
26850
26854
26861
26865
26873
26887
26890
26895
26899
26912
26919
26927
26930
26934
26955
26956
26974
26974
27000
27005
27035
27035
27041
27046
27049
27050
27052
27091
27094
27101
27103
27109
27114
27117
27123
27132
27137
27141
27147
27148
27154
27154
27170
27178
27182
27198
27201
27205
27213
27214
27217
27223
27224
27236
27237
27238
27241
27247
27252
27255
27271
27277
27287
27290
27292
27293
27308
27311
27322
27323
27325
27327
27335
27347
27348
27357
27358
27358
27365
27370
27372
27372
27382
27387
27388
27390
27397
27397
27401
27415
27425
27430
27438
27445
27449
27454
27460
27465
27468
27491
27516
27531
27544
27550
27557
27559
27570
27582
27584
27602
27602
27604
27606
27612
27625
27626
27626
27629
27633
27645
27670
27680
27702
27706
27707
27708
27711
27718
27725
27725
27725
27730
27731
27733
27743
27761
27763
27778
27781
27796
27797
27807
27812
27818
27819
27822
27823
27829
27829
27833
27840
27846
27857
27863
27866
27871
27871
27873
27876
27879
27883
27883
27888
27894
27917
27918
27923
27930
27931
27932
27934
27934
27935
27940
27943
27946
27948
27954
27955
27958
27959
27959
27975
27981
27982
27985
27986
27993
27994
27995
28007
28008
28019
28028
28032
28039
28056
28061
28069
28073
28083
28086
28091
28098
28101
28116
28124
28125
28125
28129
28141
28145
28146
28149
28157
28161
28184
28184
28192
28193
28194
28196
28198
28210
28212
28218
28219
28220
28222
28223
28227
28233
28241
28251
28264
28276
28282
28298
28300
28301
28306
28312
28316
28359
28361
28366
28368
28385
28393
28396
28396
28407
28411
28414
28419
28433
28443
28445
28446
28448
28451
28452
28454
28456
28458
28469
28488
28489
28491
28493
28498
28501
28505
28516
28523
28531
28533
28540
28540
28545
28552
28568
28584
28590
28591
28595
28598
28599
28601
28615
28621
28630
28646
28647
28658
28660
28664
28674
28683
28685
28687
28698
28706
28728
28730
28738
28751
28759
28770
28774
28785
28786
28786
28796
28797
28797
28803
28814
28816
28835
28842
28847
28855
28864
28873
28877
28885
28889
28899
28900
28910
28914
28928
28928
28941
28942
28942
28943
28953
28957
28959
28965
28978
28982
28989
29003
29004
29007
29007
29009
29017
29017
29027
29031
29040
29042
29055
29072
29073
29086
29087
29102
29108
29116
29116
29134
29144
29157
29171
29184
29197
29201
29204
29204
29206
29246
29249
29251
29260
29267
29276
29291
29294
29311
29316
29317
29321
29323
29338
29352
29356
29372
29386
29390
29398
29402
29404
29407
29408
29409
29411
29430
29436
29440
29443
29465
29467
29472
29480
29499
29508
29509
29523
29523
29534
29539
29546
29551
29552
29554
29555
29556
29559
29566
29569
29570
29571
29578
29591
29604
29610
29621
29624
29644
29646
29649
29662
29670
29672
29672
29679
29690
29707
29711
29713
29720
29721
29723
29738
29740
29741
29745
29745
29746
29753
29755
29766
29766
29772
29801
29802
29807
29813
29814
29817
29881
29899
29915
29920
29920
29943
29948
29953
29955
29957
29967
29968
29981
29984
29993
29994
29994
29995
29998
30012
30031
30033
30039
30044
30047
30047
30053
30054
30057
30073
30079
30082
30086
30088
30088
30089
30090
30093
30095
30095
30102
30103
30111
30124
30125
30127
30148
30158
30175
30195
30203
30217
30218
30220
30226
30231
30231
30236
30248
30254
30257
30259
30261
30262
30265
30273
30278
30284
30290
30292
30293
30298
30299
30306
30313
30316
30323
30324
30324
30330
30336
30346
30352
30354
30364
30370
30372
30386
30388
30395
30396
30402
30402
30420
30425
30433
30437
30437
30439
30442
30444
30448
30451
30465
30474
30478
30487
30498
30498
30498
30502
30503
30504
30506
30516
30524
30533
30534
30538
30540
30552
30555
30567
30578
30578
30580
30582
30584
30585
30588
30597
30600
30627
30628
30628
30634
30637
30637
30642
30649
30651
30665
30667
30667
30668
30678
30683
30702
30709
30716
30716
30729
30730
30731
30735
30739
30749
30752
30753
30762
30800
30803
30804
30807
30809
30813
30815
30819
30826
30833
30838
30856
30857
30861
30873
30876
30880
30881
30883
30893
30896
30906
30906
30908
30914
30939
30939
30942
30950
30953
30959
30961
30962
30963
30979
30982
30990
30990
30991
30992
30997
31010
31018
31018
31041
31042
31051
31057
31061
31065
31065
31074
31092
31094
31114
31115
31118
31119
31121
31126
31146
31168
31174
31188
31199
31219
31221
31228
31230
31250
31251
31265
31274
31282
31284
31295
31306
31310
31323
31330
31342
31352
31356
31369
31375
31380
31391
31394
31410
31417
31429
31430
31450
31450
31458
31464
31465
31465
31466
31467
31468
31474
31486
31491
31493
31498
31503
31507
31516
31523
31556
31560
31570
31571
31583
31594
31600
31604
31604
31613
31619
31620
31622
31634
31635
31640
31641
31643
31667
31672
31673
31680
31684
31686
31689
31695
31696
31696
31716
31718
31728
31728
31731
31740
31756
31774
31778
31786
31807
31809
31811
31824
31828
31831
31880
31888
31894
31908
31918
31926
31933
31934
31935
31942
31945
31953
31966
31975
31990
32009
32011
32031
32035
32037
32040
32042
32069
32076
32077
32085
32102
32112
32120
32136
32138
32140
32143
32146
32147
32172
32173
32184
32184
32197
32207
32210
32210
32215
32226
32226
32232
32237
32243
32249
32277
32289
32293
32306
32322
32325
32340
32341
32341
32345
32351
32362
32364
32367
32382
32395
32403
32404
32407
32420
32432
32453
32454
32464
32467
32479
32480
32480
32482
32492
32493
32502
32505
32522
32525
32525
32532
32535
32535
32537
32538
32546
32555
32565
32569
32579
32581
32586
32597
32610
32610
32621
32624
32632
32632
32633
32642
32643
32646
32650
32652
32654
32663
32667
32689
32692
32706
32713
32719
32724
32735
32737
32748
32756
32762
32764
