0	
5	
12	
17	
999
999	
0	
999	
8	
7
999	
999	
0	
9	
999
999
999
999
0
999
999	
999	
999	
999	
0
100
20
30
150
200
100
999
999
53
98
12
199
299
399
487
234
567
345
654
399
298
298
280
100
20
30
150
200
100
999
999
53
98
12
199
299
399
487
234
567
345
654
399
298
298
280
100
20
30
150
200
100
999
999
53
98
12
199
299
399
487
234
567
345
654
399
298
298
280
100
20
30
150
200
100
999
999
53
98
12
199
299
399
487
234
567
345
654
399
298
298
280
100
20
30
150
200
100
999
999
53
98
12
199
299
399
487
234
567
345
654
399
298
298
280



