After Quick Sort the array is:
37
39
40
42
43
45
46
48
49
51
52
54
55
57
58
60
61
63
64
67
70
73
74
76
77
79
80
82
83
85
86
88
89
91
92
94
95
97
98
100
101
104
107
110
111
113
114
116
117
119
120
122
123
125
126
128
129
131
132
134
135
138
141
144
145
147
148
150
151
153
154
156
157
159
160
162
163
165
166
168
169
171
172
175
178
181
182
184
185
187
188
190
191
193
194
196
197
199
200
202
203
205
206
209
212
215
216
218
219
221
222
224
225
227
228
230
231
233
234
236
237
239
240
242
243
246
249
252
253
255
256
258
259
261
262
264
265
267
268
270
271
273
274
276
277
279
280
283
286
287
289
290
292
293
295
296
298
299
301
302
304
305
307
308
310
311
313
314
317
320
323
324
326
327
329
330
332
333
335
336
338
339
341
342
344
345
347
348
350
351
354
357
358
360
361
363
364
366
367
369
370
372
373
375
376
378
379
381
382
384
385
388
391
394
395
397
398
400
401
403
404
406
407
409
410
412
413
415
416
418
419
421
422
425
428
429
431
432
434
435
437
438
440
441
443
444
446
447
449
450
452
453
455
456
459
462
465
466
468
469
471
472
474
475
477
478
480
481
483
484
486
487
489
490
492
493
496
499
500
502
503
505
506
508
509
511
512
514
515
517
518
520
521
523
524
526
527
530
533
536
537
539
540
542
543
545
546
548
549
551
552
554
555
557
558
560
561
563
564
567
570
573
574
576
577
579
580
582
583
585
586
588
589
591
592
594
595
597
598
601
604
607
608
610
611
613
614
616
617
619
620
622
623
625
626
628
629
631
632
634
635
638
641
644
645
647
648
650
651
653
654
656
657
659
660
662
663
665
666
668
669
672
675
678
679
681
682
684
685
687
688
690
691
693
694
696
697
699
700
702
703
705
706
709
712
715
716
718
719
721
722
724
725
727
728
730
731
733
734
736
737
739
740
742
743
746
749
750
752
753
755
756
758
759
761
762
764
765
767
768
770
771
773
774
776
777
780
783
786
787
789
790
792
793
795
796
798
799
801
802
804
805
807
808
810
811
813
814
817
820
821
823
824
826
827
829
830
832
833
835
836
838
839
841
842
844
845
847
848
851
854
857
858
860
861
863
864
866
867
869
870
872
873
875
876
878
879
881
882
884
885
888
891
892
894
895
897
898
900
901
903
904
906
907
909
910
912
913
915
916
918
919
922
925
928
929
931
932
934
935
937
938
940
941
943
944
946
947
949
950
952
953
955
956
959
962
963
965
966
968
969
971
972
974
975
977
978
980
981
983
984
986
987
989
990
993
996
999
1000
1002
1003
1005
1006
1008
1009
1011
1012
1014
1015
1017
1018
1020
1021
1023
1024
1026
1027
1030
1033
1036
1037
1039
1040
1042
1043
1045
1046
1048
1049
1051
1052
1054
1055
1057
1058
1060
1061
1064
1067
1070
1071
1073
1074
1076
1077
1079
1080
1082
1083
1085
1086
1088
1089
1091
1092
1094
1095
1097
1098
1101
1104
1107
1108
1110
1111
1113
1114
1116
1117
1119
1120
1122
1123
1125
1126
1128
1129
1131
1132
1135
1138
1141
1142
1144
1145
1147
1148
1150
1151
1153
1154
1156
1157
1159
1160
1162
1163
1165
1166
1168
1169
1172
1175
1178
1179
1181
1182
1184
1185
1187
1188
1190
1191
1193
1194
1196
1197
1199
1200
1202
1203
1205
1206
1209
1212
1213
1215
1216
1218
1219
1221
1222
1224
1225
1227
1228
1230
1231
1233
1234
1236
1237
1239
1240
1243
1246
1249
1250
1252
1253
1255
1256
1258
1259
1261
1262
1264
1265
1267
1268
1270
1271
1273
1274
1276
1277
1280
1283
1284
1286
1287
1289
1290
1292
1293
1295
1296
1298
1299
1301
1302
1304
1305
1307
1308
1310
1311
1314
1317
1320
1321
1323
1324
1326
1327
1329
1330
1332
1333
1335
1336
1338
1339
1341
1342
1344
1345
1347
1348
1351
1354
1355
1357
1358
1360
1361
1363
1364
1366
1367
1369
1370
1372
1373
1375
1376
1378
1379
1381
1382
1385
1388
1391
1392
1394
1395
1397
1398
1400
1401
1403
1404
1406
1407
1409
1410
1412
1413
1415
1416
1418
1419
1422
1425
1426
1428
1429
1431
1432
1434
1435
1437
1438
1440
1441
1443
1444
1446
1447
1449
1450
1452
1453
1456
1459
1462
1463
1465
1466
1468
1469
1471
1472
1474
1475
1477
1478
1480
1481
1483
1484
1486
1487
1489
1490
1493
1496
1499
1500
1502
1503
1505
1506
1508
1509
1511
1512
1514
1515
1517
1518
1520
1521
1523
1524
1527
1530
1533
1534
1536
1537
1539
1540
1542
1543
1545
1546
1548
1549
1551
1552
1554
1555
1557
1558
1560
1561
1564
1567
1570
1571
1573
1574
1576
1577
1579
1580
1582
1583
1585
1586
1588
1589
1591
1592
1594
1595
1598
1601
1604
1605
1607
1608
1610
1611
1613
1614
1616
1617
1619
1620
1622
1623
1625
1626
1628
1629
1631
1632
1635
1638
1641
1642
1644
1645
1647
1648
1650
1651
1653
1654
1656
1657
1659
1660
1662
1663
1665
1666
1669
1672
1675
1676
1678
1679
1681
1682
1684
1685
1687
1688
1690
1691
1693
1694
1696
1697
1699
1700
1702
1703
1706
1709
1712
1713
1715
1716
1718
1719
1721
1722
1724
1725
1727
1728
1730
1731
1733
1734
1736
1737
1739
1740
1743
1746
1747
1749
1750
1752
1753
1755
1756
1758
1759
1761
1762
1764
1765
1767
1768
1770
1771
1773
1774
1777
1780
1783
1784
1786
1787
1789
1790
1792
1793
1795
1796
1798
1799
1801
1802
1804
1805
1807
1808
1810
1811
1814
1817
1818
1820
1821
1823
1824
1826
1827
1829
1830
1832
1833
1835
1836
1838
1839
1841
1842
1844
1845
1848
1851
1854
1855
1857
1858
1860
1861
1863
1864
1866
1867
1869
1870
1872
1873
1875
1876
1878
1879
1881
1882
1885
1888
1889
1891
1892
1894
1895
1897
1898
1900
1901
1903
1904
1906
1907
1909
1910
1912
1913
1915
1916
1919
1922
1925
1926
1928
1929
1931
1932
1934
1935
1937
1938
1940
1941
1943
1944
1946
1947
1949
1950
1952
1953
1956
1959
1962
1963
1965
1966
1968
1969
1971
1972
1974
1975
1977
1978
1980
1981
1983
1984
1986
1987
1990
1993
1996
1997
1999
2000
2002
2003
2005
2006
2008
2009
2011
2012
2014
2015
2017
2018
2020
2021
2023
2024
2027
2030
2033
2034
2036
2037
2039
2040
2042
2043
2045
2046
2048
2049
2051
2052
2054
2055
2057
2058
2061
2064
2067
2068
2070
2071
2073
2074
2076
2077
2079
2080
2082
2083
2085
2086
2088
2089
2091
2092
2094
2095
2098
2101
2104
2105
2107
2108
2110
2111
2113
2114
2116
2117
2119
2120
2122
2123
2125
2126
2128
2129
2132
2135
2138
2139
2141
2142
2144
2145
2147
2148
2150
2151
2153
2154
2156
2157
2159
2160
2162
2163
2165
2166
2169
2172
2175
2176
2178
2179
2181
2182
2184
2185
2187
2188
2190
2191
2193
2194
2196
2197
2199
2200
2202
2203
2206
2209
2210
2212
2213
2215
2216
2218
2219
2221
2222
2224
2225
2227
2228
2230
2231
2233
2234
2236
2237
2240
2243
2246
2247
2249
2250
2252
2253
2255
2256
2258
2259
2261
2262
2264
2265
2267
2268
2270
2271
2273
2274
2277
2280
2281
2283
2284
2286
2287
2289
2290
2292
2293
2295
2296
2298
2299
2301
2302
2304
2305
2307
2308
2311
2314
2317
2318
2320
2321
2323
2324
2326
2327
2329
2330
2332
2333
2335
2336
2338
2339
2341
2342
2344
2345
2348
2351
2352
2354
2355
2357
2358
2360
2361
2363
2364
2366
2367
2369
2370
2372
2373
2375
2376
2378
2379
2382
2385
2388
2389
2391
2392
2394
2395
2397
2398
2400
2401
2403
2404
2406
2407
2409
2410
2412
2413
2415
2416
2419
2422
2425
2426
2428
2429
2431
2432
2434
2435
2437
2438
2440
2441
2443
2444
2446
2447
2449
2450
2453
2456
2459
2460
2462
2463
2465
2466
2468
2469
2471
2472
2474
2475
2477
2478
2480
2481
2483
2484
2486
2487
2490
2493
2496
2497
2499
2500
2502
2503
2505
2506
2508
2509
2511
2512
2514
2515
2517
2518
2520
2521
2524
2527
2530
2531
2533
2534
2536
2537
2539
2540
2542
2543
2545
2546
2548
2549
2551
2552
2554
2555
2557
2558
2561
2564
2567
2568
2570
2571
2573
2574
2576
2577
2579
2580
2582
2583
2585
2586
2588
2589
2591
2592
2595
2598
2601
2602
2604
2605
2607
2608
2610
2611
2613
2614
2616
2617
2619
2620
2622
2623
2625
2626
2628
2629
2632
2635
2638
2639
2641
2642
2644
2645
2647
2648
2650
2651
2653
2654
2656
2657
2659
2660
2662
2663
2665
2666
2669
2672
2673
2675
2676
2678
2679
2681
2682
2684
2685
2687
2688
2690
2691
2693
2694
2696
2697
2699
2700
2703
2706
2709
2710
2712
2713
2715
2716
2718
2719
2721
2722
2724
2725
2727
2728
2730
2731
2733
2734
2736
2737
2740
2743
2744
2746
2747
2749
2750
2752
2753
2755
2756
2758
2759
2761
2762
2764
2765
2767
2768
2770
2771
2774
2777
2780
2781
2783
2784
2786
2787
2789
2790
2792
2793
2795
2796
2798
2799
2801
2802
2804
2805
2807
2808
2811
2814
2815
2817
2818
2820
2821
2823
2824
2826
2827
2829
2830
2832
2833
2835
2836
2838
2839
2841
2842
2845
2848
2851
2852
2854
2855
2857
2858
2860
2861
2863
2864
2866
2867
2869
2870
2872
2873
2875
2876
2878
2879
2882
2885
2886
2888
2889
2891
2892
2894
2895
2897
2898
2900
2901
2903
2904
2906
2907
2909
2910
2912
2913
2916
2919
2922
2923
2925
2926
2928
2929
2931
2932
2934
2935
2937
2938
2940
2941
2943
2944
2946
2947
2949
2950
2953
2956
2959
2960
2962
2963
2965
2966
2968
2969
2971
2972
2974
2975
2977
2978
2980
2981
2983
2984
2987
2990
2993
2994
2996
2997
2999
3000
3002
3003
3005
3006
3008
3009
3011
3012
3014
3015
3017
3018
3020
3021
3024
3027
3030
3031
3033
3034
3036
3037
3039
3040
3042
3043
3045
3046
3048
3049
3051
3052
3054
3055
3058
3061
3064
3065
3067
3068
3070
3071
3073
3074
3076
3077
3079
3080
3082
3083
3085
3086
3088
3089
3091
3092
3095
3098
3101
3102
3104
3105
3107
3108
3110
3111
3113
3114
3116
3117
3119
3120
3122
3123
3125
3126
3128
3129
3132
3135
3136
3138
3139
3141
3142
3144
3145
3147
3148
3150
3151
3153
3154
3156
3157
3159
3160
3162
3163
3166
3169
3172
3173
3175
3176
3178
3179
3181
3182
3184
3185
3187
3188
3190
3191
3193
3194
3196
3197
3199
3200
3203
3206
3207
3209
3210
3212
3213
3215
3216
3218
3219
3221
3222
3224
3225
3227
3228
3230
3231
3233
3234
3237
3240
3243
3244
3246
3247
3249
3250
3252
3253
3255
3256
3258
3259
3261
3262
3264
3265
3267
3268
3270
3271
3274
3277
3278
3280
3281
3283
3284
3286
3287
3289
3290
3292
3293
3295
3296
3298
3299
3301
3302
3304
3305
3308
3311
3314
3315
3317
3318
3320
3321
3323
3324
3326
3327
3329
3330
3332
3333
3335
3336
3338
3339
3341
3342
3345
3348
3349
3351
3352
3354
3355
3357
3358
3360
3361
3363
3364
3366
3367
3369
3370
3372
3373
3375
3376
3379
3382
3385
3386
3388
3389
3391
3392
3394
3395
3397
3398
3400
3401
3403
3404
3406
3407
3409
3410
3412
3413
3416
3419
3422
3423
3425
3426
3428
3429
3431
3432
3434
3435
3437
3438
3440
3441
3443
3444
3446
3447
3450
3453
3456
3457
3459
3460
3462
3463
3465
3466
3468
3469
3471
3472
3474
3475
3477
3478
3480
3481
3483
3484
3487
3490
3493
3494
3496
3497
3499
3500
3502
3503
3505
3506
3508
3509
3511
3512
3514
3515
3517
3518
3521
3524
3527
3528
3530
3531
3533
3534
3536
3537
3539
3540
3542
3543
3545
3546
3548
3549
3551
3552
3554
3555
3558
3561
3564
3565
3567
3568
3570
3571
3573
3574
3576
3577
3579
3580
3582
3583
3585
3586
3588
3589
3591
3592
3595
3598
3599
3601
3602
3604
3605
3607
3608
3610
3611
3613
3614
3616
3617
3619
3620
3622
3623
3625
3626
3629
3632
3635
3636
3638
3639
3641
3642
3644
3645
3647
3648
3650
3651
3653
3654
3656
3657
3659
3660
3662
3663
3666
3669
3670
3672
3673
3675
3676
3678
3679
3681
3682
3684
3685
3687
3688
3690
3691
3693
3694
3696
3697
3700
3703
3706
3707
3709
3710
3712
3713
3715
3716
3718
3719
3721
3722
3724
3725
3727
3728
3730
3731
3733
3734
3737
3740
3741
3743
3744
3746
3747
3749
3750
3752
3753
3755
3756
3758
3759
3761
3762
3764
3765
3767
3768
3771
3774
3777
3778
3780
3781
3783
3784
3786
3787
3789
3790
3792
3793
3795
3796
3798
3799
3801
3802
3804
3805
3808
3811
3812
3814
3815
3817
3818
3820
3821
3823
3824
3826
3827
3829
3830
3832
3833
3835
3836
3838
3839
3842
3845
3848
3849
3851
3852
3854
3855
3857
3858
3860
3861
3863
3864
3866
3867
3869
3870
3872
3873
3875
3876
3879
3882
3885
3886
3888
3889
3891
3892
3894
3895
3897
3898
3900
3901
3903
3904
3906
3907
3909
3910
3913
3916
3919
3920
3922
3923
3925
3926
3928
3929
3931
3932
3934
3935
3937
3938
3940
3941
3943
3944
3946
3947
3950
3953
3956
3957
3959
3960
3962
3963
3965
3966
3968
3969
3971
3972
3974
3975
3977
3978
3980
3981
3984
3987
3990
3991
3993
3994
3996
3997
3999
4000
4002
4003
4005
4006
4008
4009
4011
4012
4014
4015
4017
4018
4021
4024
4027
4028
4030
4031
4033
4034
4036
4037
4039
4040
4042
4043
4045
4046
4048
4049
4051
4052
4055
4058
4061
4062
4064
4065
4067
4068
4070
4071
4073
4074
4076
4077
4079
4080
4082
4083
4085
4086
4088
4089
4092
4095
4098
4099
4101
4102
4104
4105
4107
4108
4110
4111
4113
4114
4116
4117
4119
4120
4122
4123
4125
4126
4129
4132
4133
4135
4136
4138
4139
4141
4142
4144
4145
4147
4148
4150
4151
4153
4154
4156
4157
4159
4160
4163
4166
4169
4170
4172
4173
4175
4176
4178
4179
4181
4182
4184
4185
4187
4188
4190
4191
4193
4194
4196
4197
4200
4203
4204
4206
4207
4209
4210
4212
4213
4215
4216
4218
4219
4221
4222
4224
4225
4227
4228
4230
4231
4234
4237
4240
4241
4243
4244
4246
4247
4249
4250
4252
4253
4255
4256
4258
4259
4261
4262
4264
4265
4267
4268
4271
4274
4275
4277
4278
4280
4281
4283
4284
4286
4287
4289
4290
4292
4293
4295
4296
4298
4299
4301
4302
4305
4308
4311
4312
4314
4315
4317
4318
4320
4321
4323
4324
4326
4327
4329
4330
4332
4333
4335
4336
4338
4339
4342
4345
4348
4349
4351
4352
4354
4355
4357
4358
4360
4361
4363
4364
4366
4367
4369
4370
4372
4373
4376
4379
4382
4383
4385
4386
4388
4389
4391
4392
4394
4395
4397
4398
4400
4401
4403
4404
4406
4407
4409
4410
4413
4416
4419
4420
4422
4423
4425
4426
4428
4429
4431
4432
4434
4435
4437
4438
4440
4441
4443
4444
4447
4450
4453
4454
4456
4457
4459
4460
4462
4463
4465
4466
4468
4469
4471
4472
4474
4475
4477
4478
4480
4481
4484
4487
4490
4491
4493
4494
4496
4497
4499
4500
4502
4503
4505
4506
4508
4509
4511
4512
4514
4515
4518
4521
4524
4525
4527
4528
4530
4531
4533
4534
4536
4537
4539
4540
4542
4543
4545
4546
4548
4549
4551
4552
4555
4558
4561
4562
4564
4565
4567
4568
4570
4571
4573
4574
4576
4577
4579
4580
4582
4583
4585
4586
4588
4589
4592
4595
4596
4598
4599
4601
4602
4604
4605
4607
4608
4610
4611
4613
4614
4616
4617
4619
4620
4622
4623
4626
4629
4632
4633
4635
4636
4638
4639
4641
4642
4644
4645
4647
4648
4650
4651
4653
4654
4656
4657
4659
4660
4663
4666
4667
4669
4670
4672
4673
4675
4676
4678
4679
4681
4682
4684
4685
4687
4688
4690
4691
4693
4694
4697
4700
4703
4704
4706
4707
4709
4710
4712
4713
4715
4716
4718
4719
4721
4722
4724
4725
4727
4728
4730
4731
4734
4737
4738
4740
4741
4743
4744
4746
4747
4749
4750
4752
4753
4755
4756
4758
4759
4761
4762
4764
4765
4768
4771
4774
4775
4777
4778
4780
4781
4783
4784
4786
4787
4789
4790
4792
4793
4795
4796
4798
4799
4801
4802
4805
4808
4811
4812
4814
4815
4817
4818
4820
4821
4823
4824
4826
4827
4829
4830
4832
4833
4835
4836
4839
4842
4845
4846
4848
4849
4851
4852
4854
4855
4857
4858
4860
4861
4863
4864
4866
4867
4869
4870
4872
4873
4876
4879
4882
4883
4885
4886
4888
4889
4891
4892
4894
4895
4897
4898
4900
4901
4903
4904
4906
4907
4910
4913
4916
4917
4919
4920
4922
4923
4925
4926
4928
4929
4931
4932
4934
4935
4937
4938
4940
4941
4943
4944
4947
4950
4953
4954
4956
4957
4959
4960
4962
4963
4965
4966
4968
4969
4971
4972
4974
4975
4977
4978
4981
4984
4987
4988
4990
4991
4993
4994
4996
4997
4999
5000
5002
5003
5005
5006
5008
5009
5011
5012
5014
5015
5018
5021
5024
5025
5027
5028
5030
5031
5033
5034
5036
5037
5039
5040
5042
5043
5045
5046
5048
5049
5051
5052
5055
5058
5059
5061
5062
5064
5065
5067
5068
5070
5071
5073
5074
5076
5077
5079
5080
5082
5083
5085
5086
5089
5092
5095
5096
5098
5099
5101
5102
5104
5105
5107
5108
5110
5111
5113
5114
5116
5117
5119
5120
5122
5123
5126
5129
5130
5132
5133
5135
5136
5138
5139
5141
5142
5144
5145
5147
5148
5150
5151
5153
5154
5156
5157
5160
5163
5166
5167
5169
5170
5172
5173
5175
5176
5178
5179
5181
5182
5184
5185
5187
5188
5190
5191
5193
5194
5197
5200
5201
5203
5204
5206
5207
5209
5210
5212
5213
5215
5216
5218
5219
5221
5222
5224
5225
5227
5228
5231
5234
5237
5238
5240
5241
5243
5244
5246
5247
5249
5250
5252
5253
5255
5256
5258
5259
5261
5262
5264
5265
5268
5271
5272
5274
5275
5277
5278
5280
5281
5283
5284
5286
5287
5289
5290
5292
5293
5295
5296
5298
5299
5302
5305
5308
5309
5311
5312
5314
5315
5317
5318
5320
5321
5323
5324
5326
5327
5329
5330
5332
5333
5335
5336
5339
5342
5345
5346
5348
5349
5351
5352
5354
5355
5357
5358
5360
5361
5363
5364
5366
5367
5369
5370
5373
5376
5379
5380
5382
5383
5385
5386
5388
5389
5391
5392
5394
5395
5397
5398
5400
5401
5403
5404
5406
5407
5410
5413
5416
5417
5419
5420
5422
5423
5425
5426
5428
5429
5431
5432
5434
5435
5437
5438
5440
5441
5444
5447
5450
5451
5453
5454
5456
5457
5459
5460
5462
5463
5465
5466
5468
5469
5471
5472
5474
5475
5477
5478
5481
5484
5487
5488
5490
5491
5493
5494
5496
5497
5499
5500
5502
5503
5505
5506
5508
5509
5511
5512
5514
5515
5518
5521
5522
5524
5525
5527
5528
5530
5531
5533
5534
5536
5537
5539
5540
5542
5543
5545
5546
5548
5549
5552
5555
5558
5559
5561
5562
5564
5565
5567
5568
5570
5571
5573
5574
5576
5577
5579
5580
5582
5583
5585
5586
5589
5592
5593
5595
5596
5598
5599
5601
5602
5604
5605
5607
5608
5610
5611
5613
5614
5616
5617
5619
5620
5623
5626
5629
5630
5632
5633
5635
5636
5638
5639
5641
5642
5644
5645
5647
5648
5650
5651
5653
5654
5656
5657
5660
5663
5664
5666
5667
5669
5670
5672
5673
5675
5676
5678
5679
5681
5682
5684
5685
5687
5688
5690
5691
5694
5697
5700
5701
5703
5704
5706
5707
5709
5710
5712
5713
5715
5716
5718
5719
5721
5722
5724
5725
5727
5728
5731
5734
5735
5737
5738
5740
5741
5743
5744
5746
5747
5749
5750
5752
5753
5755
5756
5758
5759
5761
5762
5765
5768
5771
5772
5774
5775
5777
5778
5780
5781
5783
5784
5786
5787
5789
5790
5792
5793
5795
5796
5798
5799
5802
5805
5808
5809
5811
5812
5814
5815
5817
5818
5820
5821
5823
5824
5826
5827
5829
5830
5832
5833
5836
5839
5842
5843
5845
5846
5848
5849
5851
5852
5854
5855
5857
5858
5860
5861
5863
5864
5866
5867
5869
5870
5873
5876
5879
5880
5882
5883
5885
5886
5888
5889
5891
5892
5894
5895
5897
5898
5900
5901
5903
5904
5907
5910
5913
5914
5916
5917
5919
5920
5922
5923
5925
5926
5928
5929
5931
5932
5934
5935
5937
5938
5940
5941
5944
5947
5950
5951
5953
5954
5956
5957
5959
5960
5962
5963
5965
5966
5968
5969
5971
5972
5974
5975
5977
5978
5981
5984
5985
5987
5988
5990
5991
5993
5994
5996
5997
5999
6000
6002
6003
6005
6006
6008
6009
6011
6012
6015
6018
6021
6022
6024
6025
6027
6028
6030
6031
6033
6034
6036
6037
6039
6040
6042
6043
6045
6046
6048
6049
6052
6055
6056
6058
6059
6061
6062
6064
6065
6067
6068
6070
6071
6073
6074
6076
6077
6079
6080
6082
6083
6086
6089
6092
6093
6095
6096
6098
6099
6101
6102
6104
6105
6107
6108
6110
6111
6113
6114
6116
6117
6119
6120
6123
6126
6127
6129
6130
6132
6133
6135
6136
6138
6139
6141
6142
6144
6145
6147
6148
6150
6151
6153
6154
6157
6160
6163
6164
6166
6167
6169
6170
6172
6173
6175
6176
6178
6179
6181
6182
6184
6185
6187
6188
6190
6191
6194
6197
6198
6200
6201
6203
6204
6206
6207
6209
6210
6212
6213
6215
6216
6218
6219
6221
6222
6224
6225
6228
6231
6234
6235
6237
6238
6240
6241
6243
6244
6246
6247
6249
6250
6252
6253
6255
6256
6258
6259
6261
6262
6265
6268
6271
6272
6274
6275
6277
6278
6280
6281
6283
6284
6286
6287
6289
6290
6292
6293
6295
6296
6299
6302
6305
6306
6308
6309
6311
6312
6314
6315
6317
6318
6320
6321
6323
6324
6326
6327
6329
6330
6332
6333
6336
6339
6342
6343
6345
6346
6348
6349
6351
6352
6354
6355
6357
6358
6360
6361
6363
6364
6366
6367
6370
6373
6376
6377
6379
6380
6382
6383
6385
6386
6388
6389
6391
6392
6394
6395
6397
6398
6400
6401
6403
6404
6407
6410
6413
6414
6416
6417
6419
6420
6422
6423
6425
6426
6428
6429
6431
6432
6434
6435
6437
6438
6440
6441
6444
6447
6448
6450
6451
6453
6454
6456
6457
6459
6460
6462
6463
6465
6466
6468
6469
6471
6472
6474
6475
6478
6481
6484
6485
6487
6488
6490
6491
6493
6494
6496
6497
6499
6500
6502
6503
6505
6506
6508
6509
6511
6512
6515
6518
6519
6521
6522
6524
6525
6527
6528
6530
6531
6533
6534
6536
6537
6539
6540
6542
6543
6545
6546
6549
6552
6555
6556
6558
6559
6561
6562
6564
6565
6567
6568
6570
6571
6573
6574
6576
6577
6579
6580
6582
6583
6586
6589
6590
6592
6593
6595
6596
6598
6599
6601
6602
6604
6605
6607
6608
6610
6611
6613
6614
6616
6617
6620
6623
6626
6627
6629
6630
6632
6633
6635
6636
6638
6639
6641
6642
6644
6645
6647
6648
6650
6651
6653
6654
6657
6660
6661
6663
6664
6666
6667
6669
6670
6672
6673
6675
6676
6678
6679
6681
6682
6684
6685
6687
6688
6691
6694
6697
6698
6700
6701
6703
6704
6706
6707
6709
6710
6712
6713
6715
6716
6718
6719
6721
6722
6724
6725
6728
6731
6734
6735
6737
6738
6740
6741
6743
6744
6746
6747
6749
6750
6752
6753
6755
6756
6758
6759
6762
6765
6768
6769
6771
6772
6774
6775
6777
6778
6780
6781
6783
6784
6786
6787
6789
6790
6792
6793
6795
6796
6799
6802
6805
6806
6808
6809
6811
6812
6814
6815
6817
6818
6820
6821
6823
6824
6826
6827
6829
6830
6833
6836
6839
6840
6842
6843
6845
6846
6848
6849
6851
6852
6854
6855
6857
6858
6860
6861
6863
6864
6866
6867
6870
6873
6876
6877
6879
6880
6882
6883
6885
6886
6888
6889
6891
6892
6894
6895
6897
6898
6900
6901
6904
6907
6910
6911
6913
6914
6916
6917
6919
6920
6922
6923
6925
6926
6928
6929
6931
6932
6934
6935
6937
6938
6941
6944
6947
6948
6950
6951
6953
6954
6956
6957
6959
6960
6962
6963
6965
6966
6968
6969
6971
6972
6974
6975
6978
6981
6982
6984
6985
6987
6988
6990
6991
6993
6994
6996
6997
6999
7000
7002
7003
7005
7006
7008
7009
7012
7015
7018
7019
7021
7022
7024
7025
7027
7028
7030
7031
7033
7034
7036
7037
7039
7040
7042
7043
7045
7046
7049
7052
7053
7055
7056
7058
7059
7061
7062
7064
7065
7067
7068
7070
7071
7073
7074
7076
7077
7079
7080
7083
7086
7089
7090
7092
7093
7095
7096
7098
7099
7101
7102
7104
7105
7107
7108
7110
7111
7113
7114
7116
7117
7120
7123
7124
7126
7127
7129
7130
7132
7133
7135
7136
7138
7139
7141
7142
7144
7145
7147
7148
7150
7151
7154
7157
7160
7161
7163
7164
7166
7167
7169
7170
7172
7173
7175
7176
7178
7179
7181
7182
7184
7185
7187
7188
7191
7194
7197
7198
7200
7201
7203
7204
7206
7207
7209
7210
7212
7213
7215
7216
7218
7219
7221
7222
7225
7228
7231
7232
7234
7235
7237
7238
7240
7241
7243
7244
7246
7247
7249
7250
7252
7253
7255
7256
7258
7259
7262
7265
7268
7269
7271
7272
7274
7275
7277
7278
7280
7281
7283
7284
7286
7287
7289
7290
7292
7293
7296
7299
7302
7303
7305
7306
7308
7309
7311
7312
7314
7315
7317
7318
7320
7321
7323
7324
7326
7327
7329
7330
7333
7336
7339
7340
7342
7343
7345
7346
7348
7349
7351
7352
7354
7355
7357
7358
7360
7361
7363
7364
7367
7370
7373
7374
7376
7377
7379
7380
7382
7383
7385
7386
7388
7389
7391
7392
7394
7395
7397
7398
7400
7401
7404
7407
7410
7411
7413
7414
7416
7417
7419
7420
7422
7423
7425
7426
7428
7429
7431
7432
7434
7435
7437
7438
7441
7444
7445
7447
7448
7450
7451
7453
7454
7456
7457
7459
7460
7462
7463
7465
7466
7468
7469
7471
7472
7475
7478
7481
7482
7484
7485
7487
7488
7490
7491
7493
7494
7496
7497
7499
7500
7502
7503
7505
7506
7508
7509
7512
7515
7516
7518
7519
7521
7522
7524
7525
7527
7528
7530
7531
7533
7534
7536
7537
7539
7540
7542
7543
7546
7549
7552
7553
7555
7556
7558
7559
7561
7562
7564
7565
7567
7568
7570
7571
7573
7574
7576
7577
7579
7580
7583
7586
7587
7589
7590
7592
7593
7595
7596
7598
7599
7601
7602
7604
7605
7607
7608
7610
7611
7613
7614
7617
7620
7623
7624
7626
7627
7629
7630
7632
7633
7635
7636
7638
7639
7641
7642
7644
7645
7647
7648
7650
7651
7654
7657
7658
7660
7661
7663
7664
7666
7667
7669
7670
7672
7673
7675
7676
7678
7679
7681
7682
7684
7685
7688
7691
7694
7695
7697
7698
7700
7701
7703
7704
7706
7707
7709
7710
7712
7713
7715
7716
7718
7719
7721
7722
7725
7728
7731
7732
7734
7735
7737
7738
7740
7741
7743
7744
7746
7747
7749
7750
7752
7753
7755
7756
7759
7762
7765
7766
7768
7769
7771
7772
7774
7775
7777
7778
7780
7781
7783
7784
7786
7787
7789
7790
7792
7793
7796
7799
7802
7803
7805
7806
7808
7809
7811
7812
7814
7815
7817
7818
7820
7821
7823
7824
7826
7827
7830
7833
7836
7837
7839
7840
7842
7843
7845
7846
7848
7849
7851
7852
7854
7855
7857
7858
7860
7861
7863
7864
7867
7870
7873
7874
7876
7877
7879
7880
7882
7883
7885
7886
7888
7889
7891
7892
7894
7895
7897
7898
7900
7901
7904
7907
7908
7910
7911
7913
7914
7916
7917
7919
7920
7922
7923
7925
7926
7928
7929
7931
7932
7934
7935
7938
7941
7944
7945
7947
7948
7950
7951
7953
7954
7956
7957
7959
7960
7962
7963
7965
7966
7968
7969
7971
7972
7975
7978
7979
7981
7982
7984
7985
7987
7988
7990
7991
7993
7994
7996
7997
7999
8000
8002
8003
8005
8006
8009
8012
8015
8016
8018
8019
8021
8022
8024
8025
8027
8028
8030
8031
8033
8034
8036
8037
8039
8040
8042
8043
8046
8049
8050
8052
8053
8055
8056
8058
8059
8061
8062
8064
8065
8067
8068
8070
8071
8073
8074
8076
8077
8080
8083
8086
8087
8089
8090
8092
8093
8095
8096
8098
8099
8101
8102
8104
8105
8107
8108
8110
8111
8113
8114
8117
8120
8121
8123
8124
8126
8127
8129
8130
8132
8133
8135
8136
8138
8139
8141
8142
8144
8145
8147
8148
8151
8154
8157
8158
8160
8161
8163
8164
8166
8167
8169
8170
8172
8173
8175
8176
8178
8179
8181
8182
8184
8185
8188
8191
8194
8195
8197
8198
8200
8201
8203
8204
8206
8207
8209
8210
8212
8213
8215
8216
8218
8219
8222
8225
8228
8229
8231
8232
8234
8235
8237
8238
8240
8241
8243
8244
8246
8247
8249
8250
8252
8253
8255
8256
8259
8262
8265
8266
8268
8269
8271
8272
8274
8275
8277
8278
8280
8281
8283
8284
8286
8287
8289
8290
8293
8296
8299
8300
8302
8303
8305
8306
8308
8309
8311
8312
8314
8315
8317
8318
8320
8321
8323
8324
8326
8327
8330
8333
8336
8337
8339
8340
8342
8343
8345
8346
8348
8349
8351
8352
8354
8355
8357
8358
8360
8361
8363
8364
8367
8370
8371
8373
8374
8376
8377
8379
8380
8382
8383
8385
8386
8388
8389
8391
8392
8394
8395
8397
8398
8401
8404
8407
8408
8410
8411
8413
8414
8416
8417
8419
8420
8422
8423
8425
8426
8428
8429
8431
8432
8434
8435
8438
8441
8442
8444
8445
8447
8448
8450
8451
8453
8454
8456
8457
8459
8460
8462
8463
8465
8466
8468
8469
8472
8475
8478
8479
8481
8482
8484
8485
8487
8488
8490
8491
8493
8494
8496
8497
8499
8500
8502
8503
8505
8506
8509
8512
8513
8515
8516
8518
8519
8521
8522
8524
8525
8527
8528
8530
8531
8533
8534
8536
8537
8539
8540
8543
8546
8549
8550
8552
8553
8555
8556
8558
8559
8561
8562
8564
8565
8567
8568
8570
8571
8573
8574
8576
8577
8580
8583
8584
8586
8587
8589
8590
8592
8593
8595
8596
8598
8599
8601
8602
8604
8605
8607
8608
8610
8611
8614
8617
8620
8621
8623
8624
8626
8627
8629
8630
8632
8633
8635
8636
8638
8639
8641
8642
8644
8645
8647
8648
8651
8654
8657
8658
8660
8661
8663
8664
8666
8667
8669
8670
8672
8673
8675
8676
8678
8679
8681
8682
8685
8688
8691
8692
8694
8695
8697
8698
8700
8701
8703
8704
8706
8707
8709
8710
8712
8713
8715
8716
8718
8719
8722
8725
8728
8729
8731
8732
8734
8735
8737
8738
8740
8741
8743
8744
8746
8747
8749
8750
8752
8753
8756
8759
8762
8763
8765
8766
8768
8769
8771
8772
8774
8775
8777
8778
8780
8781
8783
8784
8786
8787
8789
8790
8793
8796
8799
8800
8802
8803
8805
8806
8808
8809
8811
8812
8814
8815
8817
8818
8820
8821
8823
8824
8826
8827
8830
8833
8834
8836
8837
8839
8840
8842
8843
8845
8846
8848
8849
8851
8852
8854
8855
8857
8858
8860
8861
8864
8867
8870
8871
8873
8874
8876
8877
8879
8880
8882
8883
8885
8886
8888
8889
8891
8892
8894
8895
8897
8898
8901
8904
8905
8907
8908
8910
8911
8913
8914
8916
8917
8919
8920
8922
8923
8925
8926
8928
8929
8931
8932
8935
8938
8941
8942
8944
8945
8947
8948
8950
8951
8953
8954
8956
8957
8959
8960
8962
8963
8965
8966
8968
8969
8972
8975
8976
8978
8979
8981
8982
8984
8985
8987
8988
8990
8991
8993
8994
8996
8997
8999
9000
9002
9003
9006
9009
9012
9013
9015
9016
9018
9019
9021
9022
9024
9025
9027
9028
9030
9031
9033
9034
9036
9037
9039
9040
9043
9046
9047
9049
9050
9052
9053
9055
9056
9058
9059
9061
9062
9064
9065
9067
9068
9070
9071
9073
9074
9077
9080
9083
9084
9086
9087
9089
9090
9092
9093
9095
9096
9098
9099
9101
9102
9104
9105
9107
9108
9110
9111
9114
9117
9120
9121
9123
9124
9126
9127
9129
9130
9132
9133
9135
9136
9138
9139
9141
9142
9144
9145
9148
9151
9154
9155
9157
9158
9160
9161
9163
9164
9166
9167
9169
9170
9172
9173
9175
9176
9178
9179
9181
9182
9185
9188
9191
9192
9194
9195
9197
9198
9200
9201
9203
9204
9206
9207
9209
9210
9212
9213
9215
9216
9219
9222
9225
9226
9228
9229
9231
9232
9234
9235
9237
9238
9240
9241
9243
9244
9246
9247
9249
9250
9252
9253
9256
9259
9262
9263
9265
9266
9268
9269
9271
9272
9274
9275
9277
9278
9280
9281
9283
9284
9286
9287
9290
9293
9296
9297
9299
9300
9302
9303
9305
9306
9308
9309
9311
9312
9314
9315
9317
9318
9320
9321
9323
9324
9327
9330
9333
9334
9336
9337
9339
9340
9342
9343
9345
9346
9348
9349
9351
9352
9354
9355
9357
9358
9360
9361
9364
9367
9368
9370
9371
9373
9374
9376
9377
9379
9380
9382
9383
9385
9386
9388
9389
9391
9392
9394
9395
9398
9401
9404
9405
9407
9408
9410
9411
9413
9414
9416
9417
9419
9420
9422
9423
9425
9426
9428
9429
9431
9432
9435
9438
9439
9441
9442
9444
9445
9447
9448
9450
9451
9453
9454
9456
9457
9459
9460
9462
9463
9465
9466
9469
9472
9475
9476
9478
9479
9481
9482
9484
9485
9487
9488
9490
9491
9493
9494
9496
9497
9499
9500
9502
9503
9506
9509
9510
9512
9513
9515
9516
9518
9519
9521
9522
9524
9525
9527
9528
9530
9531
9533
9534
9536
9537
9540
9543
9546
9547
9549
9550
9552
9553
9555
9556
9558
9559
9561
9562
9564
9565
9567
9568
9570
9571
9573
9574
9577
9580
9583
9584
9586
9587
9589
9590
9592
9593
9595
9596
9598
9599
9601
9602
9604
9605
9607
9608
9611
9614
9617
9618
9620
9621
9623
9624
9626
9627
9629
9630
9632
9633
9635
9636
9638
9639
9641
9642
9644
9645
9648
9651
9654
9655
9657
9658
9660
9661
9663
9664
9666
9667
9669
9670
9672
9673
9675
9676
9678
9679
9682
9685
9688
9689
9691
9692
9694
9695
9697
9698
9700
9701
9703
9704
9706
9707
9709
9710
9712
9713
9715
9716
9719
9722
9725
9726
9728
9729
9731
9732
9734
9735
9737
9738
9740
9741
9743
9744
9746
9747
9749
9750
9753
9756
9759
9760
9762
9763
9765
9766
9768
9769
9771
9772
9774
9775
9777
9778
9780
9781
9783
9784
9786
9787
9790
9793
9796
9797
9799
9800
9802
9803
9805
9806
9808
9809
9811
9812
9814
9815
9817
9818
9820
9821
9823
9824
9827
9830
9831
9833
9834
9836
9837
9839
9840
9842
9843
9845
9846
9848
9849
9851
9852
9854
9855
9857
9858
9861
9864
9867
9868
9870
9871
9873
9874
9876
9877
9879
9880
9882
9883
9885
9886
9888
9889
9891
9892
9894
9895
9898
9901
9902
9904
9905
9907
9908
9910
9911
9913
9914
9916
9917
9919
9920
9922
9923
9925
9926
9928
9929
9932
9935
9938
9939
9941
9942
9944
9945
9947
9948
9950
9951
9953
9954
9956
9957
9959
9960
9962
9963
9965
9966
9969
9972
9973
9975
9976
9978
9979
9981
9982
9984
9985
9987
9988
9990
9991
9993
9994
9996
9997
9999
10000
10003
10006
10009
10010
10012
10013
10015
10016
10018
10019
10021
10022
10024
10025
10027
10028
10030
10031
10033
10034
10036
10037
10040
10043

85943
85954
85983
85994
86012
86023
86034
86052
86063
86092
86103
86132
86143
86161
86172
86183
86201
86212
86241
86252
86281
86292
86310
86321
86332
86350
86361
86390
86401
86430
86441
86459
86470
86481
86499
86510
86539
86550
86579
86590
86608
86619
86630
86648
86659
86688
86699
86728
86739
86768
86779
86797
86808
86819
86837
86848
86877
86888
86917
86928
86946
86957
86968
86986
86997
87026
87037
87066
87077
87095
87106
87117
87135
87146
87175
87186
87215
87226
87244
87255
87266
87284
87295
87324
87335
87364
87375
87393
87404
87415
87433
87444
87473
87484
87513
87524
87542
87553
87564
87582
87593
87622
87633
87662
87673
87702
87713
87731
87742
87753
87771
87782
87811
87822
87851
87862
87880
87891
87902
87920
87931
87960
87971
88000
88011
88029
88040
88051
88069
88080
88109
88120
88149
88160
88178
88189
88200
88218
88229
88258
88269
88298
88309
88327
88338
88349
88367
88378
88407
88418
88447
88458
88476
88487
88498
88516
88527
88556
88567
88596
88607
88636
88647
88665
88676
88687
88705
88716
88745
88756
88785
88796
88814
88825
88836
88854
88865
88894
88905
88934
88945
88963
88974
88985
89003
89014
89043
89054
89083
89094
89112
89123
89134
89152
89163
89192
89203
89232
89243
89261
89272
89283
89301
89312
89341
89352
89381
89392
89410
89421
89432
89450
89461
89490
89501
89530
89541
89570
89581
89599
89610
89621
89639
89650
89679
89690
89719
89730
89748
89759
89770
89788
89799
89828
89839
89868
89879
89897
89908
89919
89937
89948
89977
89988
90017
90028
90046
90057
90068
90086
90097
90126
90137
90166
90177
90195
90206
90217
90235
90246
90275
90286
90315
90326
90344
90355
90366
90384
90395
90424
90435
90464
90475
90504
90515
90533
90544
90555
90573
90584
90613
90624
90653
90664
90682
90693
90704
90722
90733
90762
90773
90802
90813
90831
90842
90853
90871
90882
90911
90922
90951
90962
90980
90991
91002
91020
91031
91060
91071
91100
91111
91129
91140
91151
91169
91180
91209
91220
91249
91260
91278
91289
91300
91318
91329
91358
91369
91398
91409
91438
91449
91467
91478
91489
91507
91518
91547
91558
91587
91598
91616
91627
91638
91656
91667
91696
91707
91736
91747
91765
91776
91787
91805
91816
91845
91856
91885
91896
91914
91925
91936
91954
91965
91994
92005
92034
92045
92063
92074
92085
92103
92114
92143
92154
92183
92194
92212
92223
92234
92252
92263
92292
92303
92332
92343
92361
92372
92383
92401
92412
92441
92452
92481
92492
92521
92532
92550
92561
92572
92590
92601
92630
92641
92670
92681
92699
92710
92721
92739
92750
92779
92790
92819
92830
92848
92859
92870
92888
92899
92928
92939
92968
92979
92997
93008
93019
93037
93048
93077
93088
93117
93128
93146
93157
93168
93186
93197
93226
93237
93266
93277
93295
93306
93317
93335
93346
93375
93386
93415
93426
93455
93466
93484
93495
93506
93524
93535
93564
93575
93604
93615
93633
93644
93655
93673
93684
93713
93724
93753
93764
93782
93793
93804
93822
93833
93862
93873
93902
93913
93931
93942
93953
93971
93982
94011
94022
94051
94062
94080
94091
94102
94120
94131
94160
94171
94200
94211
94229
94240
94251
94269
94280
94309
94320
94349
94360
94389
94400
94418
94429
94440
94458
94469
94498
94509
94538
94549
94567
94578
94589
94607
94618
94647
94658
94687
94698
94716
94727
94738
94756
94767
94796
94807
94836
94847
94865
94876
94887
94905
94916
94945
94956
94985
94996
95014
95025
95036
95054
95065
95094
95105
95134
95145
95163
95174
95185
95203
95214
95243
95254
95283
95294
95323
95334
95352
95363
95374
95392
95403
95432
95443
95472
95483
95501
95512
95523
95541
95552
95581
95592
95621
95632
95650
95661
95672
95690
95701
95730
95741
95770
95781
95799
95810
95821
95839
95850
95879
95890
95919
95930
95948
95959
95970
95988
95999
96028
96039
96068
96079
96097
96108
96119
96137
96148
96177
96188
96217
96228
96257
96268
96286
96297
96308
96326
96337
96366
96377
96406
96417
96435
96446
96457
96475
96486
96515
96526
96555
96566
96584
96595
96606
96624
96635
96664
96675
96704
96715
96733
96744
96755
96773
96784
96813
96824
96853
96864
96882
96893
96904
96922
96933
96962
96973
97002
97013
97031
97042
97053
97071
97082
97111
97122
97151
97162
97191
97202
97220
97231
97242
97260
97271
97300
97311
97340
97351
97369
97380
97391
97409
97420
97449
97460
97489
97500
97518
97529
97540
97558
97569
97598
97609
97638
97649
97667
97678
97689
97707
97718
97747
97758
97787
97798
97816
97827
97838
97856
97867
97896
97907
97936
97947
97965
97976
97987
98005
98016
98045
98056
98085
98096
98125
98136
98154
98165
98176
98194
98205
98234
98245
98274
98285
98303
98314
98325
98343
98354
98383
98394
98423
98434
98452
98463
98474
98492
98503
98532
98543
98572
98583
98601
98612
98623
98641
98652
98681
98692
98721
98732
98750
98761
98772
98790
98801
98830
98841
98870
98881
98899
98910
98921
98939
98950
98979
98990
99019
99030
99059
99070
99088
99099
99110
99128
99139
99168
99179
99208
99219
99237
99248
99259
99277
99288
99317
99328
99357
99368
99386
99397
99408
99426
99437
99466
99477
99506
99517
99535
99546
99557
99575
99586
99615
99626
99655
99666
99684
99695
99706
99724
99735
99764
99775
99804
99815
99833
99844
99855
99873
99884
99913
99924
99953
99964
99982
99993
100004
100022
100033
917
32625538
32633159
32640780
32648401
32656022
32663643
32671264
32678885
32686506
32694127
32701748
32709369
32716990
32724611
32732232
32739853
32747474
32755095
32762716
32770337
32777958
32785579
32793200
32800821
32808442
32816063
32823684
32831305
32838926
32846547
32854168
32861789
32869410
32877031
32884652
32892273
32899894
32907515
32915136
32922757
32930378
32937999
32945620
32953241
32960862
32968483
32976104
32983725
32991346
32998967
33006588
33014209
33021830
33029451
33037072
33044693
33052314
33059935
33067556
33075177
33082798
33090419
33098040
33105661
33113282
33120903
33128524
33136145
33143766
33151387
33159008
33166629
33174250
33181871
33189492
33197113
33204734
33212355
33219976
33227597
33235218
33242839
33250460
33258081
33265702
33273323
33280944
33288565
33296186
33303807
33311428
33319049
33326670
33334291
33341912
33349533
33357154
33364775
33372396
33380017
33387638
33395259
33402880
33410501
33418122
33425743
33433364
33440985
33448606
33456227
33463848
33471469
33479090
33486711
33494332
33501953
33509574
33517195
33524816
33532437
33540058
33547679
33555300
33562921
33570542
33578163
33585784
33593405
33601026
33608647
33616268
33623889
33631510
33639131
33646752
33654373
33661994
33669615
33677236
33684857
33692478
33700099
33707720
33715341
33722962
33730583
33738204
33745825
33753446
33761067
33768688
33776309
33783930
33791551
33799172
33806793
33814414
33822035
33829656
33837277
33844898
33852519
33860140
33867761
33875382
33883003
33890624
33898245
33905866
33913487
33921108
33928729
33936350
33943971
33951592
33959213
33966834
33974455
33982076
33989697
33997318
34004939
34012560
34020181
34027802
34035423
34043044
34050665
34058286
34065907
34073528
34081149
34088770
34096391
34104012
34111633
34119254
34126875
34134496
34142117
34149738
34157359
34164980
34172601
34180222
34187843
34195464
34203085
34210706
34218327
34225948
34233569
34241190
34248811
34256432
34264053
34271674
34279295
34286916
34294537
34302158
34309779
34317400
34325021
34332642
34340263
34347884
34355505
34363126
34370747
34378368
34385989
34393610
34401231
34408852
34416473
34424094
34431715
34439336
34446957
34454578
34462199
34469820
34477441
34485062
34492683
34500304
34507925
34515546
34523167
34530788
34538409
34546030
34553651
34561272
34568893
34576514
34584135
34591756
34599377
34606998
34614619
34622240
34629861
34637482
34645103
34652724
34660345
34667966
34675587
34683208
34690829
34698450
34706071
34713692
34721313
34728934
34736555
34744176
34751797
34759418
34767039
34774660
34782281
34789902
34797523
34805144
34812765
34820386
34828007
34835628
34843249
34850870
34858491
34866112
34873733
34881354
34888975
34896596
34904217
34911838
34919459
34927080
34934701
34942322
34949943
34957564
34965185
34972806
34980427
34988048
34995669
35003290
35010911
35018532
35026153
35033774
35041395
35049016
35056637
35064258
35071879
35079500
35087121
35094742
35102363
35109984
35117605
35125226
35132847
35140468
35148089
35155710
35163331
35170952
35178573
35186194
35193815
35201436
35209057
35216678
35224299
35231920
35239541
35247162
35254783
35262404
35270025
35277646
35285267
35292888
35300509
35308130
35315751
35323372
35330993
35338614
35346235
35353856
35361477
35369098
35376719
35384340
35391961
35399582
35407203
35414824
35422445
35430066
35437687
35445308
35452929
35460550
35468171
35475792
35483413
35491034
35498655
35506276
35513897
35521518
35529139
35536760
35544381
35552002
35559623
35567244
35574865
35582486
35590107
35597728
35605349
35612970
35620591
35628212
35635833
35643454
35651075
35658696
35666317
35673938
35681559
35689180
35696801
35704422
35712043
35719664
35727285
35734906
35742527
35750148
35757769
35765390
35773011
35780632
35788253
35795874
35803495
35811116
35818737
35826358
35833979
35841600
35849221
35856842
35864463
35872084
35879705
35887326
35894947
35902568
35910189
35917810
35925431
35933052
35940673
35948294
35955915
35963536
35971157
35978778
35986399
35994020
36001641
36009262
36016883
36024504
36032125
36039746
36047367
36054988
36062609
36070230
36077851
36085472
36093093
36100714
36108335
36115956
36123577
36131198
36138819
36146440
36154061
36161682
36169303
36176924
36184545
36192166
36199787
36207408
36215029
36222650
36230271
36237892
36245513
36253134
36260755
36268376
36275997
36283618
36291239
36298860
36306481
36314102
36321723
36329344
36336965
36344586
36352207
36359828
36367449
36375070
36382691
36390312
36397933
36405554
36413175
36420796
36428417
36436038
36443659
36451280
36458901
36466522
36474143
36481764
36489385
36497006
36504627
36512248
36519869
36527490
36535111
36542732
36550353
36557974
36565595
36573216
36580837
36588458
36596079
36603700
36611321
36618942
36626563
36634184
36641805
36649426
36657047
36664668
36672289
36679910
36687531
36695152
36702773
36710394
36718015
36725636
36733257
36740878
36748499
36756120
36763741
36771362
36778983
36786604
36794225
36801846
36809467
36817088
36824709
36832330
36839951
36847572
36855193
36862814
36870435
36878056
36885677
36893298
36900919
36908540
36916161
36923782
36931403
36939024
36946645
36954266
36961887
36969508
36977129
36984750
36992371
36999992
37007613
37015234
37022855
37030476
37038097
37045718
37053339
37060960
37068581
37076202
37083823
37091444
37099065
37106686
37114307
37121928
37129549
37137170
37144791
37152412
37160033
37167654
37175275
37182896
37190517
37198138
37205759
37213380
37221001
37228622
37236243
37243864
37251485
37259106
37266727
37274348
37281969
37289590
37297211
37304832
37312453
37320074
37327695
37335316
37342937
37350558
37358179
37365800
37373421
37381042
37388663
37396284
37403905
37411526
37419147
37426768
37434389
37442010
37449631
37457252
37464873
37472494
37480115
37487736
37495357
37502978
37510599
37518220
37525841
37533462
37541083
37548704
37556325
37563946
37571567
37579188
37586809
37594430
37602051
37609672
37617293
37624914
37632535
37640156
37647777
37655398
37663019
37670640
37678261
37685882
37693503
37701124
37708745
37716366
37723987
37731608
37739229
37746850
37754471
37762092
37769713
37777334
37784955
37792576
37800197
37807818
37815439
37823060
37830681
37838302
37845923
37853544
37861165
37868786
37876407
37884028
37891649
37899270
37906891
37914512
37922133
37929754
37937375
37944996
37952617
37960238
37967859
37975480
37983101
37990722
37998343
38005964
38013585
38021206
38028827
38036448
38044069
38051690
38059311
38066932
38074553
38082174
38089795
38097416
38105037
38112658
38120279
38127900
38135521
38143142
38150763
38158384
38166005
38173626
38181247
38188868
38196489
38204110
38211731
38219352
38226973
38234594
38242215
38249836
38257457
38265078
38272699
38280320
38287941
38295562
38303183
38310804
38318425
38326046
38333667
38341288
38348909
38356530
38364151
38371772
38379393
38387014
38394635
38402256
38409877
38417498
38425119
38432740
38440361
38447982
38455603
38463224
38470845
38478466
38486087
38493708
38501329
38508950
38516571
38524192
38531813
38539434
38547055
38554676
38562297
38569918
38577539
38585160
38592781
38600402
38608023
38615644
38623265
38630886
38638507
38646128
38653749
38661370
38668991
38676612
38684233
38691854
38699475
38707096
38714717
38722338
38729959
38737580
38745201
38752822
38760443
38768064
38775685
38783306
38790927
38798548
38806169
38813790
38821411
38829032
38836653
38844274
38851895
38859516
38867137
38874758
38882379
38890000
38897621
38905242
38912863
38920484
38928105
38935726
38943347
38950968
38958589
38966210
38973831
38981452
38989073
38996694
39004315
39011936
39019557
39027178
39034799
39042420
39050041
39057662
39065283
39072904
39080525
39088146
39095767
39103388
39111009
39118630
39126251
39133872
39141493
39149114
39156735
39164356
39171977
39179598
39187219
39194840
39202461
39210082
39217703
39225324
39232945
39240566
39248187
39255808
39263429
39271050
39278671
39286292
39293913
39301534
39309155
39316776
39324397
39332018
39339639
39347260
39354881
39362502
39370123
39377744
39385365
39392986
39400607
39408228
39415849
39423470
39431091
39438712
39446333
39453954
39461575
39469196
39476817
39484438
39492059
39499680
39507301
39514922
39522543
39530164
39537785
39545406
39553027
39560648
39568269
39575890
39583511
39591132
39598753
39606374
39613995
39621616
39629237
39636858
39644479
39652100
39659721
39667342
39674963
39682584
39690205
39697826
39705447
39713068
39720689
39728310
39735931
39743552
39751173
39758794
39766415
39774036
39781657
39789278
39796899
39804520
39812141
39819762
39827383
39835004
39842625
39850246
39857867
39865488
39873109
39880730
39888351
39895972
39903593
39911214
39918835
39926456
39934077
39941698
39949319
39956940
39964561
39972182
39979803
39987424
39995045
40002666
40010287
40017908
40025529
40033150
40040771
40048392
40056013
40063634
40071255
40078876
40086497
40094118
40101739
40109360
40116981
40124602
40132223
40139844
40147465
40155086
40162707
40170328
40177949
40185570
40193191
40200812
40208433
40216054
40223675
40231296
40238917
40246538
40254159
40261780
40269401
40277022
40284643
40292264
40299885
40307506
40315127
40322748
40330369
40337990
40345611
40353232
40360853
40368474
40376095
40383716
40391337
40398958
40406579
40414200
40421821
40429442
40437063
40444684
40452305
40459926
40467547
40475168
40482789
40490410
40498031
40505652
40513273
40520894
40528515
40536136
40543757
40551378
40558999
40566620
40574241
40581862
40589483
40597104
40604725
40612346
40619967
40627588
40635209
40642830
40650451
40658072
40665693
40673314
40680935
40688556
40696177
40703798
40711419
40719040
40726661
40734282
40741903
40749524
40757145
40764766
40772387
40780008
40787629
40795250
40802871
40810492
40818113
40825734
40833355
40840976
40848597
40856218
40863839
40871460
40879081
40886702
40894323
40901944
40909565
40917186
40924807
40932428
40940049
40947670
40955291
40962912
40970533
40978154
40985775
40993396
41001017
41008638
41016259
41023880
41031501
41039122
41046743
41054364
41061985
41069606
41077227
41084848
41092469
41100090
41107711
41115332
41122953
41130574
41138195
41145816
41153437
41161058
41168679
41176300
41183921
41191542
41199163
41206784
41214405
41222026
41229647
41237268
41244889
41252510
41260131
41267752
41275373
41282994
41290615
41298236
41305857
41313478
41321099
41328720
41336341
41343962
41351583
41359204
41366825
41374446
41382067
41389688
41397309
41404930
41412551
41420172
41427793
41435414
41443035
41450656
41458277
41465898
41473519
41481140
41488761
41496382
41504003
41511624
41519245
41526866
41534487
41542108
41549729
41557350
41564971
41572592
41580213
41587834
41595455
41603076
41610697
41618318
41625939
41633560
41641181
41648802
41656423
41664044
41671665
41679286
41686907
41694528
41702149
41709770
41717391
41725012
41732633
41740254
41747875
41755496
41763117
41770738
41778359
41785980
41793601
41801222
41808843
41816464
41824085
41831706
41839327
41846948
41854569
41862190
41869811
41877432
41885053
41892674
41900295
41907916
41915537
41923158
41930779
41938400
41946021
41953642
41961263
41968884
41976505
41984126
41991747
41999368
42006989
42014610
42022231
42029852
42037473
42045094
42052715
42060336
42067957
42075578
42083199
42090820
42098441
42106062
42113683
42121304
42128925
42136546
42144167
42151788
42159409
42167030
42174651
42182272
42189893
42197514
42205135
42212756
42220377
42227998
42235619
42243240
42250861
42258482
42266103
42273724
42281345
42288966
42296587
42304208
42311829
42319450
42327071
42334692
42342313
42349934
42357555
42365176
42372797
42380418
42388039
42395660
42403281
42410902
42418523
42426144
42433765
42441386
42449007
42456628
42464249
42471870
42479491
42487112
42494733
42502354
42509975
42517596
42525217
42532838
42540459
42548080
42555701
42563322
42570943
42578564
42586185
42593806
42601427
42609048
42616669
42624290
42631911
42639532
42647153
42654774
42662395
42670016
42677637
42685258
42692879
42700500
42708121
42715742
42723363
42730984
42738605
42746226
42753847
42761468
42769089
42776710
42784331
42791952
42799573
42807194
42814815
42822436
42830057
42837678
42845299
42852920
42860541
42868162
42875783
42883404
42891025
42898646
42906267
42913888
42921509
42929130
42936751
42944372
42951993
42959614
42967235
42974856
42982477
42990098
42997719
43005340
43012961
43020582
43028203
43035824
43043445
43051066
43058687
43066308
43073929
43081550
43089171
43096792
43104413
43112034
43119655
43127276
43134897
43142518
43150139
43157760
43165381
43173002
43180623
43188244
43195865
43203486
43211107
43218728
43226349
43233970
43241591
43249212
43256833
43264454
43272075
43279696
43287317
43294938
43302559
43310180
43317801
43325422
43333043
43340664
43348285
43355906
43363527
43371148
43378769
43386390
43394011
43401632
43409253
43416874
43424495
43432116
43439737
43447358
43454979
43462600
43470221
43477842
43485463
43493084
43500705
43508326
43515947
43523568
43531189
43538810
43546431
43554052
43561673
43569294
43576915
43584536
43592157
43599778
43607399
43615020
43622641
43630262
43637883
43645504
43653125
43660746
43668367
43675988
43683609
43691230
43698851
43706472
43714093
43721714
43729335
43736956
43744577
43752198
43759819
43767440
43775061
43782682
43790303
43797924
43805545
43813166
43820787
43828408
43836029
43843650
43851271
43858892
43866513
43874134
43881755
43889376
43896997
43904618
43912239
43919860
43927481
43935102
43942723
43950344
43957965
43965586
43973207
43980828
43988449
43996070
44003691
44011312
44018933
44026554
44034175
44041796
44049417
44057038
44064659
44072280
44079901
44087522
44095143
44102764
44110385
44118006
44125627
44133248
44140869
44148490
44156111
44163732
44171353
44178974
44186595
44194216
44201837
44209458
44217079
44224700
44232321
44239942
44247563
44255184
44262805
44270426
44278047
44285668
44293289
44300910
44308531
44316152
44323773
44331394
44339015
44346636
44354257
44361878
44369499
44377120
44384741
44392362
44399983
44407604
44415225
44422846
44430467
44438088
44445709
44453330
44460951
44468572
44476193
44483814
44491435
44499056
44506677
44514298
44521919
44529540
44537161
44544782
44552403
44560024
44567645
44575266
44582887
44590508
44598129
44605750
44613371
44620992
44628613
44636234
44643855
44651476
44659097
44666718
44674339
44681960
44689581
44697202
44704823
44712444
44720065
44727686
44735307
44742928
44750549
44758170
44765791
44773412
44781033
44788654
44796275
44803896
44811517
44819138
44826759
44834380
44842001
44849622
44857243
44864864
44872485
44880106
44887727
44895348
44902969
44910590
44918211
44925832
44933453
44941074
44948695
44956316
44963937
44971558
44979179
44986800
44994421
45002042
45009663
45017284
45024905
45032526
45040147
45047768
45055389
45063010
45070631
45078252
45085873
45093494
45101115
45108736
45116357
45123978
45131599
45139220
45146841
45154462
45162083
45169704
45177325
45184946
45192567
45200188
45207809
45215430
45223051
45230672
45238293
45245914
45253535
45261156
45268777
45276398
45284019
45291640
45299261
45306882
45314503
45322124
45329745
45337366
45344987
45352608
45360229
45367850
45375471
45383092
45390713
45398334
45405955
45413576
45421197
45428818
45436439
45444060
45451681
45459302
45466923
45474544
45482165
45489786
45497407
45505028
45512649
45520270
45527891
45535512
45543133
45550754
45558375
45565996
45573617
45581238
45588859
45596480
45604101
45611722
45619343
45626964
45634585
45642206
45649827
45657448
45665069
45672690
45680311
45687932
45695553
45703174
45710795
45718416
